INSERT INTO `lucky_cooperation`.`t_actuality_cup_goods` (`year`, `goods_id`, `type`, `january_num`, `february_num`, `march_num`, `april_num`, `may_num`, `june_num`, `july_num`, `august_num`, `september_num`, `october_num`, `november_num`, `december_num`, `total_num`, `create_user`, `create_time`, `update_user`, `update_time`, `wh_dept_id`) VALUES 
('2022', 42, 10, 0.9362554417013736, 0.5078058635353293, 0.22899754048006327, 0.6350579888562556, 0.8287378463957508, 0.8527788972005309, 0.4138280810224637, 0.2017380773508597, 0.03231840938975372, 0.2780245360625877, 0.6883958791968324, 0.4845045293432696, 6.088443090535071, 1, '2023-06-01', 1, '2023-06-01', 327193),
('2022', 42, 20, 8564876.6771013159, 8813516.5403243355, 8890449.7807271552, 9156165.2719097316, 9511710.1111847662, 8688529.3540911850, 9989851.1977025222, 7771103.6958532087, 7793057.3326836526, 10207894.3616131069, 9291456.6019264646, 8263160.5851295446, 106941771.5102469890, 1, '2023-06-01', 1, '2023-06-01', 327193),
('2022', 42, 40, 0.09142853547245033, 0.47043145091883376, 0.6376414265600088, 0.960776071112987, 0.16203353676137133, 0.7723389880922636, 0.6417005181635713, 0.2556674971371582, 0.40527603628422637, 0.7143432516308899, 0.10873226097664579, 0.09635255444286994, 5.316722127553276, 1, '2023-06-01', 1, '2023-06-01', 327193),
('2022', 48214, 10, 0.4593630158740035, 0.9548461805220659, 0.7082517277132316, 0.6244307080265946, 0.23912162804243176, 0.5981292783908195, 0.12598693521042337, 0.44192389225774453, 0.7877413605410335, 0.5169758051499533, 0.8475685314259279, 0.5595349036309282, 6.8638739667851585, 1, '2023-06-01', 1, '2023-06-01', 327193),
('2022', 48214, 20, 9784341.9480527250, 8236723.6933315938, 9338804.8900550642, 8934359.6344217933, 9510252.3048517130, 8565433.5709647553, 9033788.6672335527, 9884136.3808481908, 9379816.3929346707, 8667522.8825113156, 9817726.9847515654, 9707279.5336796732, 110860186.8836366130, 1, '2023-06-01', 1, '2023-06-01', 327193),
('2022', 48214, 40, 0.10391103916068412, 0.8654741775002666, 0.6668503057404902, 0.6632230025013802, 0.27446635837466515, 0.04798387948313598, 0.7793495062859417, 0.6096358859456728, 0.5474617155695488, 0.28544765101626113, 0.8350257163279836, 0.9569133016806125, 6.635742539586642, 1, '2023-06-01', 1, '2023-06-01', 327193),
('2022', 82796, 10, 0.16043304066170283, 0.474074437164829, 0.9482171932102671, 0.9220453197719218, 0.8120549129987498, 0.20055313586043333, 0.6243191659325982, 0.9074892665417047, 0.7106662012674495, 0.7273547369823329, 0.07686293063271643, 0.46548819176588796, 7.0295585327905945, 1, '2023-06-01', 1, '2023-06-01', 327193),
('2022', 82796, 20, 9160124.4765872206, 8573533.1710135421, 8928390.1149326430, 8614574.5288945883, 9896674.1752842972, 9444128.8120189040, 9688610.9666175611, 8547249.8123021550, 9107631.2447030582, 9755768.4512100967, 8484530.9358206217, 8854099.6561455986, 109055316.3455302865, 1, '2023-06-01', 1, '2023-06-01', 327193),
('2022', 82796, 30, 0.31916236360712846, 0.8738774049333051, 0.15849082266845949, 0.24386112839246155, 0.3537529358888156, 0.9218371421921935, 0.39378128380850164, 0.4012692018078976, 0.8888345920618563, 0.849858648112828, 0.4734527477216036, 0.04610321258386374, 5.924281483778914, 1, '2023-06-01', 1, '2023-06-01', 327193),
('2022', 82796, 40, 0.8247997827314789, 0.06948370564070849, 0.8833666954231243, 0.7137452571020251, 0.17821237448677352, 0.6038701166157504, 0.4805298548515953, 0.6337606985281047, 0.4202553601938609, 0.18022041126512478, 0.9907924403027157, 0.19494474421895125, 6.173981441360213, 1, '2023-06-01', 1, '2023-06-01', 327193),
('2022', 44, 10, 0.07309473369669528, 0.5733399657159162, 0.9229493128645245, 0.13354562793885538, 0.9215086523660625, 0.497697017114202, 0.49843521124534573, 0.12020172868386614, 0.3993247842203319, 0.905711450903577, 0.3607060630527835, 0.15454418830748295, 5.561058736109644, 1, '2023-06-01', 1, '2023-06-01', 327193),
('2022', 44, 20, 9488440.2318735386, 7311483.4467106848, 9845485.1189115661, 7942358.1199538671, 9718051.1074992144, 9955346.7295154517, 9935689.6722335440, 9321708.6805955652, 8721135.8733561147, 9145518.8436747253, 9435996.4867256194, 8080234.8394982724, 108901449.1505481637, 1, '2023-06-01', 1, '2023-06-01', 327193),
('2022', 83070, 10, 0.39780358594708864, 0.9047744831024159, 0.5004546142096329, 0.696839836921258, 0.09306150289212922, 0.9777382605840919, 0.9875463784417855, 0.0071639536133792925, 0.4915920094191315, 0.8916406636281969, 0.04088405310308307, 0.9579819293771814, 6.947481271239374, 1, '2023-06-01', 1, '2023-06-01', 327193),
('2022', 83070, 20, 9799523.6900952665, 8007668.0325962712, 9583484.8137124559, 9023181.5025999714, 9375353.3475766657, 8348424.8321503530, 9317158.7437563124, 9519472.4977591727, 8348587.8758264710, 10180487.8588119662, 9191594.8632910890, 10348764.2716588225, 111043702.3298348175, 1, '2023-06-01', 1, '2023-06-01', 327193),
('2022', 83622, 10, 0.18919117236575556, 0.4207982008747023, 0.2810371083209896, 0.8419207077621876, 0.1917328827462852, 0.17723941105144247, 0.6280795805881232, 0.3462488096775723, 0.6752003193658943, 0.8008278216102666, 0.9122755899379194, 0.6106835760879995, 6.075235180389138, 1, '2023-06-01', 1, '2023-06-01', 327193),
('2022', 83622, 20, 10126728.2721652498, 8653862.0212206374, 9121136.4196684403, 9078103.8129937359, 8743178.5021282609, 9146268.3172936617, 9417794.8134970566, 9437508.9406231612, 8523606.7064531039, 10471832.3215872530, 7279043.1848926860, 9987368.4484205904, 109986431.7609438371, 1, '2023-06-01', 1, '2023-06-01', 327193),
('2022', 83623, 10, 0.33639428670209126, 0.17879371619338313, 0.2925459078411675, 0.2665411675688256, 0.60000765597576, 0.43686513141842465, 0.6886639411734811, 0.5014996552835405, 0.781028003010333, 0.9537314661037191, 0.23696671145344217, 0.960683323085181, 6.233720965809351, 1, '2023-06-01', 1, '2023-06-01', 327193),
('2022', 83623, 20, 8508724.1809576367, 8470519.5160731467, 8015845.2680310572, 8565383.2833056078, 8989131.4899042314, 9005175.7947449629, 9036908.8319208219, 9031754.5796895578, 9190172.9192556680, 9224795.5793090804, 8557175.0650362229, 8787748.3561554121, 105383334.8643834058, 1, '2023-06-01', 1, '2023-06-01', 327193),
('2022', 42, 10, 0.9586447423390314, 0.6537989813180679, 0.6673426584765803, 0.43031997091391916, 0.4223978923745396, 0.32960621266226153, 0.5421206374030111, 0.3221636939000828, 0.2564867768927106, 0.49901683337051883, 0.7204553075495713, 0.9043495979207569, 6.706703305121052, 1, '2023-06-01', 1, '2023-06-01', 245971),
('2022', 42, 20, 9483452.4594263991, 8795163.8447484161, 8659531.3475417214, 10251026.6573999272, 8779205.9932066125, 8942185.1615978637, 9327294.1016763935, 9068183.8472507572, 9411730.8169862312, 10128404.2644918867, 9940240.0754491876, 9733877.8439115995, 112520296.4136869957, 1, '2023-06-01', 1, '2023-06-01', 245971),
('2022', 42, 40, 0.9783540195309605, 0.9727578657471823, 0.8227195148090044, 0.6152113254472432, 0.850273209490364, 0.42621523734435995, 0.6922244606108444, 0.7595567462829179, 0.4182047230328645, 0.8717581514705893, 0.93172247148281, 0.6380852163008395, 8.97708294154998, 1, '2023-06-01', 1, '2023-06-01', 245971),
('2022', 48214, 10, 0.20591689234373256, 0.005159508433120075, 0.8893139825719114, 0.8774210525955995, 0.033596408976042214, 0.2985283562647385, 0.22743919912477661, 0.7941694606990017, 0.7934769491975057, 0.44038183034229084, 0.672304211835882, 0.4874618591986619, 5.725169711583264, 1, '2023-06-01', 1, '2023-06-01', 245971),
('2022', 48214, 20, 9180013.6730672717, 8597580.0503588640, 9971815.3360021847, 9584043.4712754397, 9633419.7051018513, 9415742.4703177849, 10110964.3556053154, 8812664.8699258011, 8856563.1431064159, 9771831.6043725987, 9381773.1071279099, 9192570.4723138685, 112508982.2585753058, 1, '2023-06-01', 1, '2023-06-01', 245971),
('2022', 48214, 40, 0.2158167007455769, 0.2772589290964742, 0.48486441190057894, 0.4232846962379744, 0.9660057070834676, 0.9450097076927517, 0.22428550634660738, 0.9024242300618543, 0.059141932458823154, 0.76895219502622, 0.06290610403978558, 0.15760362870302447, 5.487553749393139, 1, '2023-06-01', 1, '2023-06-01', 245971),
('2022', 82796, 10, 0.8803866500899638, 0.581756958284811, 0.8575582343503231, 0.1627489456182537, 0.46628400044903673, 0.5428630461684296, 0.865506406646876, 0.012961665482918217, 0.2744360559593455, 0.8560799163291947, 0.9309491295638738, 0.11113253544854185, 6.5426635443915675, 1, '2023-06-01', 1, '2023-06-01', 245971),
('2022', 82796, 20, 8575836.8996645345, 8916654.0631515778, 9148339.2066968687, 10576792.9119765801, 9565218.6947257850, 8564816.1043292896, 8167594.4762833977, 9987217.5139543226, 9910496.8604823415, 10412881.2649051895, 8843610.5250761551, 10106037.5952747528, 112775496.1165207949, 1, '2023-06-01', 1, '2023-06-01', 245971),
('2022', 82796, 30, 0.9953242499741072, 0.9228179273050311, 0.9793769528406787, 0.4892706691450557, 0.5113618304354333, 0.9190019116238539, 0.9014954047441944, 0.7112402127661862, 0.7784165762689191, 0.5285304135537737, 0.016246911764404515, 0.2131223806145005, 7.966205441036137, 1, '2023-06-01', 1, '2023-06-01', 245971),
('2022', 82796, 40, 0.28382581687972475, 0.37348116240441553, 0.6278005974699739, 0.7254059304101732, 0.1048307794442358, 0.15175742886850963, 0.5316581335913932, 0.2919345276630211, 0.13065699503104578, 0.49699254710623764, 0.9092926119356317, 0.6444478010119395, 5.272084331816302, 1, '2023-06-01', 1, '2023-06-01', 245971),
('2022', 44, 10, 0.6270908053333141, 0.13613616890839764, 0.1953269126813969, 0.6079229760132956, 0.6168212253135047, 0.6173894413459897, 0.19293241748204482, 0.44600422083641156, 0.08236759249218795, 0.5993661287836511, 0.4382449611773793, 0.5094494337996389, 5.0690522841672125, 1, '2023-06-01', 1, '2023-06-01', 245971),
('2022', 44, 20, 10587615.1774855145, 8887914.9243946394, 7970285.7021885515, 9565844.6698352045, 9454587.8664828731, 9535854.6916024131, 8929477.6403115596, 8684885.5363113267, 7970249.2248740405, 8818953.1515920583, 9962535.5418713620, 10224387.8861224191, 110592592.0130719623, 1, '2023-06-01', 1, '2023-06-01', 245971),
('2022', 83070, 10, 0.559143197223667, 0.4256952322565646, 0.8397852712706154, 0.6773091703723401, 0.45201512272165456, 0.3769760219531648, 0.9346721407595964, 0.19463377083844424, 0.022423361199819802, 0.281917090839381, 0.19373516806203017, 0.3122969372299288, 5.270602484727208, 1, '2023-06-01', 1, '2023-06-01', 245971),
('2022', 83070, 20, 8283624.3204919577, 8796520.7097948225, 9026326.6530114370, 8437644.4172782368, 9191991.6232917354, 9343167.8873639618, 8799023.5498189872, 9328073.7273288469, 8806810.7095385857, 9292850.4698607051, 8840154.2609837875, 8987827.1303305772, 107134015.4590936408, 1, '2023-06-01', 1, '2023-06-01', 245971),
('2022', 83622, 10, 0.7580670439905014, 0.59649845976619, 0.7945356463464062, 0.2372277670620806, 0.630585505252793, 0.020921108490626672, 0.8069195753273087, 0.7270585991203502, 0.03584518172065909, 0.9948656436236627, 0.9611598114251425, 0.39024701570988574, 6.953931357835606, 1, '2023-06-01', 1, '2023-06-01', 245971),
('2022', 83622, 20, 9305971.4487997378, 8210384.9350349977, 8022503.4070270302, 9397822.1682915992, 9148274.4889513844, 8530639.7644669328, 9348251.8988789651, 9709760.9123911263, 8683921.2829766908, 9380366.9872297563, 8351984.6558303919, 10505402.8901716361, 108595284.8400502486, 1, '2023-06-01', 1, '2023-06-01', 245971),
('2022', 83623, 10, 0.46048737208759705, 0.16750264539539772, 0.5176142975066353, 0.8268404455185002, 0.7749374570031442, 0.024834649308333345, 0.6589765470907399, 0.7107580612454594, 0.22362263665057514, 0.7573906278490907, 0.1169085519657137, 0.7399702283600128, 5.979843519981199, 1, '2023-06-01', 1, '2023-06-01', 245971),
('2022', 83623, 20, 8729263.7735977877, 9938435.8984444573, 8861000.7688668133, 8720369.3763982907, 9547329.4367909396, 7875369.3303395707, 8087660.7458881980, 8876856.3428905931, 8130151.3654916676, 9856185.7978641918, 8851480.7164919001, 9580692.0678269609, 107054795.6208913708, 1, '2023-06-01', 1, '2023-06-01', 245971),
('2022', 42, 10, 0.8709168258873415, 0.4896999353019573, 0.6724090235372916, 0.8569706253022192, 0.060296428425305804, 0.055746212188545696, 0.545742634026819, 0.2001918237177246, 0.5181817445064416, 0.4942233091360201, 0.9652290994834861, 0.7040203597002678, 6.433628021213421, 1, '2023-06-01', 1, '2023-06-01', 245871),
('2022', 42, 20, 9351162.7163364012, 8706952.2476158545, 10776473.0155555449, 8269781.3506037255, 8895564.5094582195, 8878721.9025795941, 9722259.1631410766, 10073874.8921010432, 7456109.8309206865, 8960178.2022675690, 8389967.0424489476, 10485720.9504916094, 109966765.8235202720, 1, '2023-06-01', 1, '2023-06-01', 245871),
('2022', 42, 40, 0.7861138763806649, 0.4861557884965503, 0.002452365546598334, 0.4466586011985798, 0.5727885917413683, 0.5197764637909499, 0.8720942535506904, 0.005794471638919441, 0.1751840995177446, 0.5227149058594296, 0.021635736069185896, 0.12844085190787746, 4.539810005698559, 1, '2023-06-01', 1, '2023-06-01', 245871),
('2022', 48214, 10, 0.026814440843473397, 0.2680123420893755, 0.12300872831014209, 0.6905985902665124, 0.5066741295900723, 0.7143446244538011, 0.24899391180481079, 0.07232530685254446, 0.9919546294187747, 0.7017909199704361, 0.48084514103597276, 0.5186026025258333, 5.343965367161749, 1, '2023-06-01', 1, '2023-06-01', 245871),
('2022', 48214, 20, 10654585.2377480795, 7794296.7134858957, 8962663.7984205308, 8673709.9146296314, 8894518.1197512612, 8545384.9185442083, 8793131.2620593589, 9206931.6099740337, 8833665.2148287168, 8771789.8397950124, 8970994.5288948910, 9640606.7118863360, 107742277.8700179557, 1, '2023-06-01', 1, '2023-06-01', 245871),
('2022', 48214, 40, 0.47597360406888056, 0.27619306227600005, 0.6022915457266294, 0.672112805948447, 0.05550004679585563, 0.4101032374204864, 0.10648255212474322, 0.9931209435186039, 0.5132324870946506, 0.1429133659386893, 0.5273054203035424, 0.3958831914208475, 5.171112262637375, 1, '2023-06-01', 1, '2023-06-01', 245871),
('2022', 82796, 10, 0.07599877603148497, 0.727556208652936, 0.6306820132276773, 0.45780742391810847, 0.43639298041153085, 0.4808546114054717, 0.6016381480049258, 0.7253082289505867, 0.5876129853805125, 0.32090585835234164, 0.16821107068272678, 0.7967877329563433, 6.009756037974645, 1, '2023-06-01', 1, '2023-06-01', 245871),
('2022', 82796, 20, 9637318.3929184783, 8173536.1098576523, 9951324.9064505007, 8979647.5463174956, 9113813.0488586004, 9027387.0831296409, 10008050.3105469399, 8920939.9027909223, 8994309.8679372870, 9669457.3992620902, 8732646.1424688352, 9636964.3070901847, 110845395.0176286275, 1, '2023-06-01', 1, '2023-06-01', 245871),
('2022', 82796, 30, 0.08425634964839623, 0.07714509764414001, 0.1145710675668331, 0.44744968462618195, 0.34405849606705197, 0.27899741993705396, 0.7662738923571997, 0.23568363619996824, 0.14822063595436774, 0.21693700048854714, 0.020573680421774543, 0.2751738381746185, 3.009340799086133, 1, '2023-06-01', 1, '2023-06-01', 245871),
('2022', 82796, 40, 0.3994235009188958, 0.804449397317116, 0.0860204482064515, 0.8063167958236337, 0.6903233709944101, 0.9786323737995857, 0.25486551737338425, 0.653289778552372, 0.5223540588513025, 0.6343973566044309, 0.6419510235112637, 0.8688259279998738, 7.340849549952719, 1, '2023-06-01', 1, '2023-06-01', 245871),
('2022', 44, 10, 0.23846832907216686, 0.03452422308594527, 0.47866137955139276, 0.8505888731531348, 0.5789656623621623, 0.20883777123937797, 0.9504849419043672, 0.1918920123255804, 0.3922790999869741, 0.533240756548441, 0.6891705602378047, 0.23206590784459413, 5.379179517311941, 1, '2023-06-01', 1, '2023-06-01', 245871),
('2022', 44, 20, 8697287.4095856911, 7499113.5682998409, 8686182.9779808040, 8329422.0105838782, 9653385.6278757020, 9556247.0341062269, 8467909.5334620029, 8844835.8566543907, 9002295.5893611790, 10258160.7827855493, 8344810.8561792392, 8705371.4132312829, 106045022.6601057871, 1, '2023-06-01', 1, '2023-06-01', 245871),
('2022', 83070, 10, 0.9390540245505783, 0.7036843779171773, 0.5414916313280601, 0.7629762605392482, 0.4398448167335204, 0.5949609926505228, 0.9496797164039669, 0.9424783749163989, 0.47259890099706003, 0.014412998949241973, 0.2514928843166174, 0.9856209081616043, 7.598295887463996, 1, '2023-06-01', 1, '2023-06-01', 245871),
('2022', 83070, 20, 8836594.3341729648, 8202609.5385019688, 9810906.7852608131, 9351629.9941755112, 8919810.0032492499, 7594970.9430035213, 10280391.9250925005, 9125276.8932918905, 8904202.3143857349, 9614539.2397639937, 9210967.4219026371, 9181817.5185753352, 109033716.9113761210, 1, '2023-06-01', 1, '2023-06-01', 245871),
('2022', 83622, 10, 0.6411479230420392, 0.9220843008845453, 0.04341208425923704, 0.07224999521656605, 0.42048303355723526, 0.7781392577475258, 0.5150583070241682, 0.5907550825804591, 0.4229064126394295, 0.49443836759415827, 0.115928764206093, 0.8999697271875808, 5.9165732559390385, 1, '2023-06-01', 1, '2023-06-01', 245871),
('2022', 83622, 20, 10382509.6894643162, 8337019.7515950296, 9118304.5743948505, 8517715.4526411080, 9713508.1118702596, 8327297.0860028681, 8829070.9175920617, 9653917.6039410398, 8390407.3253165552, 9476072.7161147090, 8697781.9043479073, 9697673.2121929980, 109141278.3454737030, 1, '2023-06-01', 1, '2023-06-01', 245871),
('2022', 83623, 10, 0.8552412915729851, 0.7744103337093753, 0.6275389393887003, 0.8358676997508182, 0.8908502256612606, 0.33854632592605827, 0.815585549828098, 0.9636426504693368, 0.8498985475725986, 0.9404044927183229, 0.5858565503903191, 0.5780194071306447, 9.055862014118519, 1, '2023-06-01', 1, '2023-06-01', 245871),
('2022', 83623, 20, 8663555.7864574013, 8521860.3105910505, 8856021.0662333831, 8740773.8268420119, 9707450.5589780894, 8754211.9530997375, 9266981.9449609737, 9550464.4143085631, 9132080.5251838519, 8813111.9369468358, 8366022.1381670446, 9927690.8232784150, 108300225.2850473578, 1, '2023-06-01', 1, '2023-06-01', 245871),
('2022', 42, 10, 0.4900037192383325, 0.9288151858720751, 0.9203941543030628, 0.16201904893667074, 0.39443589021462533, 0.5992950293138807, 0.11060313218218287, 0.6027340882378943, 0.8525382503661448, 0.8412551570711534, 0.8138212949975551, 0.07912479732120536, 6.7950397480547835, 1, '2023-06-01', 1, '2023-06-01', 326932),
('2022', 42, 20, 9466946.2595851253, 7802340.4188585338, 8597858.8703207589, 9898522.7443167999, 9051348.7901309767, 9899449.1049897676, 9349160.7051727110, 8982342.4445391256, 9503229.2184051610, 9388429.1862533976, 8925398.7964850872, 9568099.7854647970, 110433126.3245222416, 1, '2023-06-01', 1, '2023-06-01', 326932),
('2022', 42, 40, 0.4796167659327234, 0.8837903475537081, 0.41395598336888584, 0.7843885673015283, 0.7899733666621434, 0.5369760137380192, 0.945597435284021, 0.16702707348683477, 0.15467618121505033, 0.28220393903210905, 0.5398892470646672, 0.6028525225637419, 6.580947443203432, 1, '2023-06-01', 1, '2023-06-01', 326932),
('2022', 48214, 10, 0.46269773900311384, 0.24792740304741656, 0.24579120772343588, 0.8714221310396331, 0.9498770233310938, 0.45588650131738406, 0.9273846141187129, 0.5037979807409988, 0.6073144218724671, 0.4979669277736182, 0.03083523608378913, 0.09967134090143259, 5.900572526953097, 1, '2023-06-01', 1, '2023-06-01', 326932),
('2022', 48214, 20, 9611279.6136221117, 8025223.0333403069, 9225069.3349119172, 10453902.2693467366, 9146052.6201538022, 8072576.2302005638, 8950913.8501153894, 9033006.6222613344, 9006943.2257114302, 9644395.9578693185, 9224867.0465163170, 8698651.4046833566, 109092881.2087325845, 1, '2023-06-01', 1, '2023-06-01', 326932),
('2022', 48214, 40, 0.8172440012102969, 0.7070463940627533, 0.24352540438172476, 0.6213608412100294, 0.1834401812960832, 0.4397456089798736, 0.057256109026269764, 0.7974632695160224, 0.5272032045350536, 0.4386500193684246, 0.649115893448763, 0.49365934716642856, 5.975710274201724, 1, '2023-06-01', 1, '2023-06-01', 326932),
('2022', 82796, 10, 0.6981993109218322, 0.5893538063872024, 0.889984964894381, 0.13282541116323543, 0.2575931639583757, 0.8363341658285671, 0.4207228127281205, 0.10059225949237505, 0.1370500840751262, 0.15031647444140084, 0.5663161691349572, 0.024742182562886406, 4.80403080558846, 1, '2023-06-01', 1, '2023-06-01', 326932),
('2022', 82796, 20, 9734228.5559721125, 7826816.0259294018, 10139539.2705168939, 9406190.4891948093, 9852344.4766490823, 9395433.3048621010, 10030568.3035396831, 10007984.2050552047, 8632511.1298953454, 9597854.6706492954, 8716626.7236315159, 8686332.7434932239, 112026429.8993886692, 1, '2023-06-01', 1, '2023-06-01', 326932),
('2022', 82796, 30, 0.0300674608806224, 0.06071517892000655, 0.580626814212464, 0.4301639860170333, 0.7897873631993985, 0.05262605252757757, 0.8799391481723081, 0.6672127251951053, 0.11071445893108545, 0.3402464235629995, 0.29552160705282915, 0.49593297077647636, 4.733554189447906, 1, '2023-06-01', 1, '2023-06-01', 326932),
('2022', 82796, 40, 0.6905922190235445, 0.3360917187216669, 0.48200710545083403, 0.07112113467374703, 0.929926547669406, 0.1027813800316858, 0.9032536964724862, 0.595770881101362, 0.06013159601565665, 0.22474158291539503, 0.9011417579243023, 0.8659303082540726, 6.163489928254158, 1, '2023-06-01', 1, '2023-06-01', 326932),
('2022', 44, 10, 0.8107528291574332, 0.3659422991511734, 0.9170828778493305, 0.14635012582293894, 0.8465302298946935, 0.07455717422758756, 0.43154481612641127, 0.25193675268886384, 0.1739872633072398, 0.8585887853499667, 0.9084867943807516, 0.18053829844625158, 5.966298246402641, 1, '2023-06-01', 1, '2023-06-01', 326932),
('2022', 44, 20, 10107195.9257595575, 7658287.9347561318, 8972440.1272795543, 7932021.0392241256, 8742895.0673342943, 8956959.2120152509, 8992749.6848047868, 9742137.3262224971, 9518475.4559669154, 9333405.4526827029, 9348113.1348424959, 9382080.8832247130, 108686761.2441130255, 1, '2023-06-01', 1, '2023-06-01', 326932),
('2022', 83070, 10, 0.7944087489905698, 0.06976245517223312, 0.3810649735821998, 0.6645005681264586, 0.013288058253449808, 0.5223676858637315, 0.4177193252425311, 0.00011497064547782987, 0.8773500015140663, 0.7526203757691852, 0.9175374491883282, 0.13886397332739808, 5.549598585675629, 1, '2023-06-01', 1, '2023-06-01', 326932),
('2022', 83070, 20, 9792985.9465534079, 9112354.3974577155, 9067843.4356751806, 10470725.8795049340, 8975928.2271315554, 8719435.8171790216, 7831390.6865653155, 9144738.8754481596, 7896961.0620324014, 9062778.2183334218, 9160650.2858725198, 9280231.6035976857, 108516024.4353513188, 1, '2023-06-01', 1, '2023-06-01', 326932),
('2022', 83622, 10, 0.23313466689326, 0.6066229879436141, 0.2214050614940143, 0.7334059449474001, 0.08176591548366419, 0.19459457413631243, 0.6193307567564812, 0.41801156009191964, 0.00902270539342065, 0.9149766409737621, 0.37136067990872823, 0.9069903376768685, 5.310621831699446, 1, '2023-06-01', 1, '2023-06-01', 326932),
('2022', 83622, 20, 9934594.7513397109, 8202445.6789699808, 9433467.4818659008, 8635009.6871784443, 9812021.0111386914, 8721165.2077847025, 9641336.6432236388, 9742028.5878572484, 8189747.6425318272, 9171900.2183793591, 8394594.2665680277, 10214634.9050552208, 110092946.0818927527, 1, '2023-06-01', 1, '2023-06-01', 326932),
('2022', 83623, 10, 0.4351129824414455, 0.04991268719493269, 0.4452608862620713, 0.7388700434713356, 0.1802059599257777, 0.023890210816970514, 0.09775482331452179, 0.33917327774830974, 0.09535024134949222, 0.9174837705776513, 0.5722906338063466, 0.8069095457230716, 4.702215062631926, 1, '2023-06-01', 1, '2023-06-01', 326932),
('2022', 83623, 20, 10124734.7226502049, 6965467.0088920330, 9073511.9450764788, 7876388.5380942006, 9080975.2122670215, 9051111.1750172837, 10354467.8868280076, 9267820.3239961417, 8421335.4005321984, 9317280.3977724368, 7943462.7048745353, 8834365.9097087286, 106310921.2257092709, 1, '2023-06-01', 1, '2023-06-01', 326932),
('2022', 42, 10, 0.7441169372211952, 0.0947962084097772, 0.8810115653830759, 0.5333982162795262, 0.27212118279947795, 0.8205731348539884, 0.9832340244763808, 0.012831283954765738, 0.7887734705041114, 0.36434408412829977, 0.7546427935202211, 0.48124318680829825, 6.731086088339117, 1, '2023-06-01', 1, '2023-06-01', 326327),
('2022', 42, 20, 9101891.7996621596, 8413594.4738718945, 10346392.3612802781, 9056605.1161026247, 8808685.1728637292, 10024150.5749635295, 8423597.6499897169, 9415043.2620020746, 8616562.0865687432, 8540580.4787183739, 8802174.1598035063, 8948278.6996439655, 108497555.8354705960, 1, '2023-06-01', 1, '2023-06-01', 326327),
('2022', 42, 40, 0.34235214782193635, 0.04409183907448455, 0.4443322577502181, 0.8097761674238175, 0.44097782612423886, 0.938909577242372, 0.008412416533589706, 0.28977292144092126, 0.3731997389269469, 0.9498481708117766, 0.2962413759738326, 0.7409742803900077, 5.678888719514142, 1, '2023-06-01', 1, '2023-06-01', 326327),
('2022', 48214, 10, 0.18161269855864492, 0.8609751438950437, 0.29588487536786323, 0.8446720596988398, 0.49667823316704407, 0.5290169285471249, 0.12377862109475635, 0.6234511391381514, 0.18852222804375696, 0.9177004230966862, 0.23129969511736181, 0.8880287683462453, 6.181620814071519, 1, '2023-06-01', 1, '2023-06-01', 326327),
('2022', 48214, 20, 8674274.5990576613, 8435717.6870464627, 9558453.2905261797, 9417982.3720951665, 9413560.6530419227, 8649354.4895282008, 9601246.6542342279, 8658859.1731890054, 10248268.0689639313, 9167921.2187668681, 9176776.8161408344, 10751108.7097831679, 111753523.7323736287, 1, '2023-06-01', 1, '2023-06-01', 326327),
('2022', 48214, 40, 0.5728936897658272, 0.9411683753991144, 0.4132047383924562, 0.9524240220125518, 0.8753319481164508, 0.21446825065157715, 0.3422723345944648, 0.6361336951446204, 0.8927404140039278, 0.6242661609209054, 0.22664339012190182, 0.48062874519331333, 7.172175764317111, 1, '2023-06-01', 1, '2023-06-01', 326327),
('2022', 82796, 10, 0.5197513046344839, 0.4558610437670263, 0.9027110036061954, 0.9555783674525127, 0.8338106536165889, 0.23229003099121326, 0.30993828129052414, 0.8604660254359299, 0.5402876540036169, 0.2290480372442849, 0.10632050472697063, 0.1547564722160224, 6.100819378985369, 1, '2023-06-01', 1, '2023-06-01', 326327),
('2022', 82796, 20, 9841648.4246136611, 8195885.9068483262, 9143041.5576926018, 8654188.8406829893, 9353991.6095911640, 8476913.8189092605, 9231004.2900989045, 9969873.6850448614, 9556298.6734719394, 8605983.4725164402, 8699278.8709408238, 8901899.7712872938, 108630008.9216982660, 1, '2023-06-01', 1, '2023-06-01', 326327),
('2022', 82796, 30, 0.5792599857727171, 0.013609556626084984, 0.3519766464933298, 0.13618659878469996, 0.405979333588123, 0.87106076974541, 0.723658650559716, 0.3095219585247152, 0.9278954173002801, 0.24164411984667178, 0.9905381887310724, 0.9322805045891368, 6.483611730561958, 1, '2023-06-01', 1, '2023-06-01', 326327),
('2022', 82796, 40, 0.376614941153806, 0.8865400177281914, 0.46241029287962976, 0.07528707308933302, 0.8141946163368847, 0.2976660246382353, 0.1497905570164959, 0.593480924079802, 0.19023022325424643, 0.8344016898568563, 0.6114402380309593, 0.1469999508246197, 5.43905654888906, 1, '2023-06-01', 1, '2023-06-01', 326327),
('2022', 44, 10, 0.7428371478228681, 0.9376429936483591, 0.33743543222175054, 0.6078586725428463, 0.2087128138653076, 0.8819890022646545, 0.4720197094309828, 0.44262056785187287, 0.7632006192649243, 0.1700002385270699, 0.2536516673188135, 0.8028457915875853, 6.620814656347036, 1, '2023-06-01', 1, '2023-06-01', 326327),
('2022', 44, 20, 9210194.9180033613, 8328647.5122709613, 9430929.2069799407, 9727464.2291446630, 8350715.3325529431, 8328612.1768459948, 9770206.8048713731, 9077650.6485665791, 8844769.6399222866, 8661674.1243788633, 9412515.5820507626, 9290202.4186969938, 108433582.5942847227, 1, '2023-06-01', 1, '2023-06-01', 326327),
('2022', 83070, 10, 0.43312477281698514, 0.7678690036890923, 0.054807548822259466, 0.27370459853796936, 0.13705349585990778, 0.9013500697253963, 0.7463770944819833, 0.01085718531069857, 0.461203873210008, 0.9586062343484343, 0.8052282391996384, 0.6017478944217846, 6.151930010424158, 1, '2023-06-01', 1, '2023-06-01', 326327),
('2022', 83070, 20, 9599814.7526421517, 8214798.0863223431, 9352390.8846063832, 9223100.4637456503, 10297279.9586978622, 8659691.6141194455, 9139771.7354430371, 8731028.4051095619, 8717073.5114604724, 9262148.6312127533, 9494563.9070143676, 9442469.8667204013, 110134131.8170944296, 1, '2023-06-01', 1, '2023-06-01', 326327),
('2022', 83622, 10, 0.8144233091074611, 0.46673282311151865, 0.528857169834747, 0.6734084638281795, 0.7431184979064482, 0.2809155870679113, 0.7408972739454297, 0.3849658115641148, 0.7147559149385647, 0.8485424925681125, 0.147625236796598, 0.04240758431886915, 6.386650164987955, 1, '2023-06-01', 1, '2023-06-01', 326327),
('2022', 83622, 20, 8879066.7928207207, 7860742.4304842281, 9548165.4344343738, 9912264.7862388015, 8715641.6006669784, 9183694.7133909517, 9976663.0666494005, 10025539.3910712678, 9005403.1541908498, 9665799.2783786657, 9073641.8664173042, 8904455.2732226812, 110751077.7879662234, 1, '2023-06-01', 1, '2023-06-01', 326327),
('2022', 83623, 10, 0.9987703180801006, 0.26627836463440535, 0.8660268496016543, 0.976744086463553, 0.06640548053120776, 0.3659758201089789, 0.2534514814810147, 0.9300109067966188, 0.3660464962736363, 0.7061494786709176, 0.951436531614301, 0.872173906820764, 7.619469721077153, 1, '2023-06-01', 1, '2023-06-01', 326327),
('2022', 83623, 20, 8943930.0314386214, 8359346.1065313265, 10482809.1777053434, 8299597.5860598422, 8717400.5864422548, 9210087.3567019878, 8616992.8587003826, 9261950.3418568376, 9225969.1146466472, 10196601.3535214678, 9449395.6497457525, 8286101.1275270342, 109050181.2908774980, 1, '2023-06-01', 1, '2023-06-01', 326327),
('2022', 42, 10, 0.6397223877273766, 0.1503691049597764, 0.10217068769528914, 0.8916027799975842, 0.23551973291248185, 0.8473494251183032, 0.43422692882253733, 0.620164366078166, 0.3006259545263672, 0.19641551419244185, 0.5239426485465553, 0.23958674011931747, 5.181696270696197, 1, '2023-06-01', 1, '2023-06-01', -1),
('2022', 42, 20, 45968329.9121114008, 42531567.5254190347, 47270705.3754254568, 46632101.1403328086, 45046514.5768443036, 46433036.0982219387, 46812162.8176824200, 45310548.1417462087, 42780689.2855644729, 47225486.4933443337, 45349236.6761131921, 46999137.8646415158, 548359515.9074470864, 1, '2023-06-01', 1, '2023-06-01', -1),
('2022', 42, 40, 0.7245256566183818, 0.9655650004977638, 0.6124444893972718, 0.44138340909888374, 0.08643899133041022, 0.018236322277366823, 0.49014906142112935, 0.24156399216027602, 0.931612113022853, 0.9141007155057955, 0.0016597800064122037, 0.8003055110974389, 6.227985042433983, 1, '2023-06-01', 1, '2023-06-01', -1),
('2022', 48214, 10, 0.3192149316278442, 0.960225770347663, 0.8427573204609348, 0.8768075411786753, 0.47168443035377006, 0.3992760507676236, 0.5492022133361496, 0.4564126795958964, 0.5755016455426689, 0.775415890316527, 0.5410058783254355, 0.5379139402341641, 7.305418292087353, 1, '2023-06-01', 1, '2023-06-01', -1),
('2022', 48214, 20, 47904495.0715478493, 41089541.1775631228, 47056806.6499158761, 47063997.6617687660, 46597803.4029005507, 43248491.6795555134, 46490044.7892478425, 45595598.6561983648, 46325256.0455451655, 46023461.5033151131, 46572138.4834315168, 47990216.8323464012, 551957851.9533360822, 1, '2023-06-01', 1, '2023-06-01', -1),
('2022', 48214, 40, 0.4374731166470349, 0.17220745435047313, 0.29429528415859096, 0.0016026871375920404, 0.033873973615284325, 0.3592113905940947, 0.00010309026335297844, 0.29877849396300826, 0.17473243789865134, 0.2687588831047514, 0.9710914950691907, 0.3359306015201253, 3.34805890832215, 1, '2023-06-01', 1, '2023-06-01', -1),
('2022', 82796, 10, 0.575993171173737, 0.7968618432331184, 0.48418027633333094, 0.49279720200453636, 0.15585209175530812, 0.1665792776831554, 0.9687038793053153, 0.6830268060128261, 0.7637259666910123, 0.6359673240385832, 0.6526485796791884, 0.04565016986504933, 6.421986587775161, 1, '2023-06-01', 1, '2023-06-01', -1),
('2022', 82796, 20, 46949156.7497560062, 41686425.2768004990, 47310635.0562895081, 46231394.3170664622, 47782042.0051089281, 44908679.1232491948, 47125828.3470864857, 47433265.1191474667, 46201247.7764899711, 48041945.2585431106, 43476693.1979379515, 46185334.0732910532, 553332646.3007666372, 1, '2023-06-01', 1, '2023-06-01', -1),
('2022', 82796, 30, 0.5462238109401937, 0.6520982757830802, 0.4052095475212083, 0.4891622935233716, 0.9691543210780894, 0.27008140928729385, 0.03944471008448713, 0.5600269257800368, 0.5436600841822175, 0.9018536381232681, 0.046098152322611385, 0.6300041132168491, 6.053017281842707, 1, '2023-06-01', 1, '2023-06-01', -1),
('2022', 82796, 40, 0.2299663776541956, 0.5400572218902367, 0.9795074025314588, 0.8870221201325983, 0.46342608871583935, 0.4287104686795564, 0.7886821501067272, 0.19126870871526935, 0.2224698892786856, 0.8373243923171457, 0.5053887353936468, 0.447536346951966, 6.521359902367327, 1, '2023-06-01', 1, '2023-06-01', -1),
('2022', 44, 10, 0.09856952646743455, 0.328900806915818, 0.5927048207857778, 0.6017813917922467, 0.553184650548146, 0.9818779244482487, 0.4942264168630113, 0.32397649057556455, 0.9955297367795569, 0.7040828150324938, 0.2237881148289259, 0.03535337669470506, 5.933976071731929, 1, '2023-06-01', 1, '2023-06-01', -1),
('2022', 44, 20, 48090733.6627076621, 39685447.3864322568, 44905323.1333404153, 43497110.0687417372, 45919635.0017450261, 46333019.8440853353, 46096033.3356832649, 45671218.0483503581, 44056925.7834805358, 46217712.3551138989, 46503971.6016694794, 45682277.4407736803, 542659407.6621236502, 1, '2023-06-01', 1, '2023-06-01', -1),
('2022', 83070, 10, 0.5574600668159829, 0.8298507166621972, 0.51579472504162, 0.8658450687223557, 0.7148222170143795, 0.15490398170006203, 0.2991090861062433, 0.912114894192551, 0.7170281519926551, 0.5754191061183647, 0.849311205336775, 0.8609787949460507, 7.852638014649237, 1, '2023-06-01', 1, '2023-06-01', -1),
('2022', 83070, 20, 46312543.0439557484, 42333950.7646731200, 46840952.5722662700, 46506282.2573043029, 46760363.1599470691, 42665691.0938163013, 45367736.6406761516, 45848590.3989376308, 42673635.4732436643, 47412804.4179828410, 45897930.7390644000, 47241110.3908828208, 545861590.9527503202, 1, '2023-06-01', 1, '2023-06-01', -1),
('2022', 83622, 10, 0.32440933690265694, 0.992336354758904, 0.6493096740487961, 0.462464845317776, 0.675200364988062, 0.34126132099656836, 0.9947997060481123, 0.24609092064753502, 0.9924830970804938, 0.9642425819715882, 0.6193470354556765, 0.0692840143094613, 7.331229252525629, 1, '2023-06-01', 1, '2023-06-01', -1),
('2022', 83622, 20, 48628870.9545897353, 41264454.8173048716, 45243577.3173905947, 45540915.9073436881, 46132623.7147555744, 43909065.0889391159, 47213117.3398411222, 48568755.4358838413, 42793086.1114690263, 48165971.5216897421, 41797045.8780563169, 49309534.7290631255, 548567018.8163267543, 1, '2023-06-01', 1, '2023-06-01', -1),
('2022', 83623, 10, 0.46607043099298817, 0.5261534937399988, 0.5552829067597839, 0.006220587261361987, 0.8801220953740819, 0.7134033793537544, 0.6688708294777513, 0.04622198093463714, 0.8752250715210753, 0.06025128318920636, 0.23463781876988554, 0.1482572321501502, 5.180717109524675, 1, '2023-06-01', 1, '2023-06-01', -1),
('2022', 83623, 20, 44970208.4951016512, 42255628.8405320141, 45289188.2259130749, 42202512.6106999518, 46042287.2843825351, 43895955.6099035413, 45363012.2682983818, 45988846.0027416929, 44099709.3251100329, 47407975.0654140118, 43167536.2743154546, 45416598.2844965476, 536099458.2869088900, 1, '2023-06-01', 1, '2023-06-01', -1),
('2023', 42, 10, 0.44041478646245547, 0.0661316068622314, 0.3690068515737941, 0.9105547313261221, 0.06007287512913062, 0.12089199861604238, 0.5241683383448291, 0.7235643753465135, 0.6823539223568382, 0.7605552738164815, 0.4305580730405705, 0.4021422443928635, 5.490415077267873, 1, '2023-06-01', 1, '2023-06-01', 327193),
('2023', 42, 20, 8550152.2772023831, 8754568.2583460909, 8593614.3237913912, 9900240.8210360531, 9496150.2957330641, 9666153.3459779733, 0, 0, 0, 0, 0, 0, 54960879.3220869557, 1, '2023-06-01', 1, '2023-06-01', 327193),
('2023', 42, 40, 0.2596643715356999, 0.6035946707934114, 0.3934403057421043, 0.3193805403350236, 0.223602645836933, 0.053976271280445576, 0.0868977863803081, 0.02886065095048418, 0.7383314020740989, 0.6699462698862507, 0.03278087862568391, 0.5983127180261882, 4.008788511466632, 1, '2023-06-01', 1, '2023-06-01', 327193),
('2023', 48214, 10, 0.8597825740192342, 0.17744812450389225, 0.5324976594391481, 0.23132294570071477, 0.28419543195704333, 0.3149431051099707, 0.1060853243951021, 0.25913131169364434, 0.3089876219604747, 0.2568543061800229, 0.04136431732743917, 0.9025322988833991, 4.275145021170085, 1, '2023-06-01', 1, '2023-06-01', 327193),
('2023', 48214, 20, 8833366.3982900524, 8409236.3905507004, 10365314.7253910881, 8457955.8430726110, 8949242.5845418982, 9319293.5667624601, 0, 0, 0, 0, 0, 0, 54334409.5086088102, 1, '2023-06-01', 1, '2023-06-01', 327193),
('2023', 48214, 40, 0.5033878730987907, 0.3653334367785419, 0.1618389518449983, 0.4116085836900205, 0.8659058574048066, 0.9762599045471815, 0.7001971117971656, 0.915889206193009, 0.41486008365338833, 0.1782182392777496, 0.5562639427545515, 0.6209149811620105, 6.670678172202213, 1, '2023-06-01', 1, '2023-06-01', 327193),
('2023', 82796, 10, 0.3832600779278936, 0.7566756118133253, 0.10887773235935627, 0.988538854137587, 0.8518486061369009, 0.4196014974737554, 0.8358110374823748, 0.007842677903078354, 0.9496692443367717, 0.19074552993461757, 0.026346737679626142, 0.8134193418424215, 6.332636949027709, 1, '2023-06-01', 1, '2023-06-01', 327193),
('2023', 82796, 20, 9445694.0838770031, 7654188.8563700172, 8557692.8657992148, 9324826.8102848067, 9581974.0919320365, 9060173.1775032216, 0, 0, 0, 0, 0, 0, 53624549.8857662999, 1, '2023-06-01', 1, '2023-06-01', 327193),
('2023', 82796, 30, 0.27599613704264203, 0.05834713266212099, 0.04484966015837011, 0.5812350421100627, 0.25359697218101007, 0.5067974328839737, 0.8393331803334453, 0.5111234963830035, 0.2929107213526084, 0.9453773782275898, 0.56282441457658, 0.4135983200546218, 5.2859898879660285, 1, '2023-06-01', 1, '2023-06-01', 327193),
('2023', 82796, 40, 0.7670803269024061, 0.3962092322600882, 0.6269913816652827, 0.7911009068379535, 0.6462355980017743, 0.36780570847087346, 0.6027263608285289, 0.3086642299687927, 0.8478043730850762, 0.3386840296133843, 0.2810969355127899, 0.25755261219416103, 6.2319516953411105, 1, '2023-06-01', 1, '2023-06-01', 327193),
('2023', 44, 10, 0.6173496491813703, 0.4606337795933644, 0.7068673196187338, 0.8692904127755328, 0.25686612915606466, 0.03910905920526919, 0.5562894167081662, 0.9982764019857628, 0.7196568828391635, 0.4278228083252531, 0.9697096413989356, 0.29033942321384054, 6.912210924001456, 1, '2023-06-01', 1, '2023-06-01', 327193),
('2023', 44, 20, 10233620.4487485467, 9046794.9100383068, 9992171.1063307353, 9528615.4019547864, 8712387.2463543296, 8425122.4308711741, 0, 0, 0, 0, 0, 0, 55938711.5442978789, 1, '2023-06-01', 1, '2023-06-01', 327193),
('2023', 83070, 10, 0.29523735742116075, 0.3970747166501136, 0.8830316059054019, 0.6230474109567892, 0.5702435479949979, 0.351224728505538, 0.7755264483181151, 0.2831532413714233, 0.6709884822487071, 0.6685639665165275, 0.41620222456927514, 0.6363362523099856, 6.570629982768035, 1, '2023-06-01', 1, '2023-06-01', 327193),
('2023', 83070, 20, 8963340.0656785005, 7936061.7844031893, 8398771.7439008808, 8572402.3653853748, 10267745.1595875282, 9225477.0469925613, 0, 0, 0, 0, 0, 0, 53363798.1659480349, 1, '2023-06-01', 1, '2023-06-01', 327193),
('2023', 83622, 10, 0.3181958360433105, 0.7733617542734557, 0.21836096531699678, 0.3395436877316055, 0.20283856538795597, 0.2846427083561308, 0.5354264322677654, 0.3299401455223393, 0.7419422541214694, 0.6471379187456817, 0.49452157596361423, 0.5552705305353659, 5.441182374265691, 1, '2023-06-01', 1, '2023-06-01', 327193),
('2023', 83622, 20, 9852640.0674442318, 8893040.1841144962, 9638972.8964918868, 8838017.3389818618, 9316099.2820606512, 9585106.5375087703, 0, 0, 0, 0, 0, 0, 56123876.3066018981, 1, '2023-06-01', 1, '2023-06-01', 327193),
('2023', 83623, 10, 0.44523506627991893, 0.5334250453255525, 0.07245368942441377, 0.6066396774962649, 0.2179210937787548, 0.6267520873631673, 0.20290445969658388, 0.7346337786579488, 0.877404472675, 0.5140557767318983, 0.4009107024563301, 0.9652446219764084, 6.197580471862242, 1, '2023-06-01', 1, '2023-06-01', 327193),
('2023', 83623, 20, 9523867.4618187226, 7923971.3547135547, 9723563.9675656262, 8505651.0291020990, 9271948.5144810973, 9149182.4038047422, 0, 0, 0, 0, 0, 0, 54098184.7314858420, 1, '2023-06-01', 1, '2023-06-01', 327193),
('2023', 42, 10, 0.31464201584292917, 0.37817187492660853, 0.2143007347772018, 0.08347276321667596, 0.26167663954003595, 0.18919924802509647, 0.1311221806616969, 0.19736219659296939, 0.4922109836674542, 0.3040507625501423, 0.9925669593764684, 0.4888040097733831, 4.047580368950662, 1, '2023-06-01', 1, '2023-06-01', 245971),
('2023', 42, 20, 7664516.7129263793, 8458042.5169083776, 9094239.3099080260, 8757654.6508029432, 8663659.5597802876, 8514984.3585342605, 0, 0, 0, 0, 0, 0, 51153097.1088602742, 1, '2023-06-01', 1, '2023-06-01', 245971),
('2023', 42, 40, 0.3507396861050007, 0.7644322688101599, 0.24551407277000303, 0.3467505750412565, 0.5283902851369531, 0.2743213840129253, 0.46819692058884477, 0.9774780243766368, 0.9710845580284175, 0.7707305709998513, 0.5337343358491139, 0.16971352115984517, 6.401086202879008, 1, '2023-06-01', 1, '2023-06-01', 245971),
('2023', 48214, 10, 0.4404515026772642, 0.4530176603369197, 0.7364432921059159, 0.1716969356693765, 0.844569915874815, 0.5715272691064738, 0.9937365051518996, 0.8976211497375719, 0.05850318257343745, 0.7251988363937992, 0.01819808044510629, 0.1361722189212603, 6.04713654899384, 1, '2023-06-01', 1, '2023-06-01', 245971),
('2023', 48214, 20, 10169132.7883734051, 9647932.6300872668, 8784476.2001240313, 9293156.6618304060, 9604344.2279060144, 8996210.9538365226, 0, 0, 0, 0, 0, 0, 56495253.4621576462, 1, '2023-06-01', 1, '2023-06-01', 245971),
('2023', 48214, 40, 0.5106566093387152, 0.2558002068343844, 0.10366002772907701, 0.03767796152910008, 0.7871472592378695, 0.964228417412362, 0.6875800840411197, 0.4906331458610199, 0.22936223291996904, 0.8357324376509269, 0.5633475435977997, 0.32839669486075984, 5.794222621013104, 1, '2023-06-01', 1, '2023-06-01', 245971),
('2023', 82796, 10, 0.7358904809309285, 0.06710603316767738, 0.87355461685127, 0.7367906023715864, 0.5381702318982671, 0.7663459829370196, 0.04127040357293432, 0.3107563662844356, 0.3393430912017048, 0.3030226418168642, 0.8316366352368129, 0.919995404644766, 6.463882490914266, 1, '2023-06-01', 1, '2023-06-01', 245971),
('2023', 82796, 20, 9696740.3011435017, 8268362.8614230287, 8669959.0506960794, 7679644.5578894700, 9719338.0453050427, 10343333.3127706469, 0, 0, 0, 0, 0, 0, 54377378.1292277694, 1, '2023-06-01', 1, '2023-06-01', 245971),
('2023', 82796, 30, 0.8056097571485831, 0.52591840340414, 0.6778008148033483, 0.1374483453197921, 0.4900246224749678, 0.22084774316577027, 0.17766496012467214, 0.9181436872975964, 0.6024934188570671, 0.18513418703122253, 0.006523788305348388, 0.6444144161898331, 5.392024144122341, 1, '2023-06-01', 1, '2023-06-01', 245971),
('2023', 82796, 40, 0.560419701248486, 0.8012718425487468, 0.7769588523376059, 0.9462861340210379, 0.8633858226497232, 0.40132355974466105, 0.19799007137334101, 0.5745840462718563, 0.9043650854777097, 0.43658920926749667, 0.16693583029070835, 0.9347736167741951, 7.564883772005568, 1, '2023-06-01', 1, '2023-06-01', 245971),
('2023', 44, 10, 0.2829043053032222, 0.8203316623573578, 0.3260143897043192, 0.04070275963806069, 0.07132453058830368, 0.08215171506579777, 0.4384722469954726, 0.07586682278131007, 0.5830311077775051, 0.7284469574530279, 0.8225558182897194, 0.6247643898166045, 4.896566705770701, 1, '2023-06-01', 1, '2023-06-01', 245971),
('2023', 44, 20, 8405426.5732500137, 7732629.8291092709, 8649511.7999558078, 7781088.4073391853, 10043344.5753215504, 9472157.5202828813, 0, 0, 0, 0, 0, 0, 52084158.7052587094, 1, '2023-06-01', 1, '2023-06-01', 245971),
('2023', 83070, 10, 0.3540675086606081, 0.15680701008773534, 0.8565942135752312, 0.552732617547737, 0.3339962828564168, 0.9130428288992878, 0.08887209121697348, 0.8988282704667542, 0.31875888101778926, 0.3879118091749433, 0.9632614548126188, 0.21210624664192446, 6.036979214958019, 1, '2023-06-01', 1, '2023-06-01', 245971),
('2023', 83070, 20, 9317633.4270485589, 8607374.0087946129, 8998436.3972190644, 8758039.0231592363, 10025871.7139135756, 8056731.5015633533, 0, 0, 0, 0, 0, 0, 53764086.0716984014, 1, '2023-06-01', 1, '2023-06-01', 245971),
('2023', 83622, 10, 0.7424386447906877, 0.09249197873614823, 0.5796577350448445, 0.4464298180604699, 0.42216831452480874, 0.31100577700135246, 0.05225338009275782, 0.05074726683996866, 0.1922163365787467, 0.2978721305342681, 0.11829006272421383, 0.5459656990922407, 3.851537144020508, 1, '2023-06-01', 1, '2023-06-01', 245971),
('2023', 83622, 20, 9413696.5316885467, 7944966.4816996558, 9654701.7416499554, 9458557.5950627268, 8401604.1950186343, 8458402.3419628405, 0, 0, 0, 0, 0, 0, 53331928.8870823595, 1, '2023-06-01', 1, '2023-06-01', 245971),
('2023', 83623, 10, 0.33955753326777294, 0.6386088577612199, 0.7175054231904708, 0.2534764482804269, 0.2709377202855835, 0.3586562278594887, 0.7925063771011455, 0.8194741528864528, 0.3290141895311621, 0.04239970369387769, 0.32329768201685016, 0.5867037449098863, 5.472138060784338, 1, '2023-06-01', 1, '2023-06-01', 245971),
('2023', 83623, 20, 9196725.9382761649, 8600870.7956550988, 9855133.2524056688, 8977232.2753088390, 9292410.0479064645, 9651006.8852700670, 0, 0, 0, 0, 0, 0, 55573379.1948223030, 1, '2023-06-01', 1, '2023-06-01', 245971),
('2023', 42, 10, 0.45963676202443793, 0.9812362615237491, 0.8084904051192693, 0.6008445871270319, 0.402921313258351, 0.2578298146333283, 0.6054127099568768, 0.6354157684649204, 0.024850916925942435, 0.8509807001515676, 0.0062053957481407185, 0.6348871211842337, 6.268711756117849, 1, '2023-06-01', 1, '2023-06-01', 245871),
('2023', 42, 20, 7947574.7029105522, 9477088.8809922719, 10736579.9411377000, 10373207.8280879860, 9547124.5226916825, 9814955.3143601142, 0, 0, 0, 0, 0, 0, 57896531.1901803068, 1, '2023-06-01', 1, '2023-06-01', 245871),
('2023', 42, 40, 0.16213435196806092, 0.28565080025956324, 0.9923554899175415, 0.9833056191329993, 0.21984088468084106, 0.46450520255443595, 0.5950716766675712, 0.20081025171822975, 0.9507718430800468, 0.8333139465048853, 0.23358134551107135, 0.3999186152873804, 6.321260027282627, 1, '2023-06-01', 1, '2023-06-01', 245871),
('2023', 48214, 10, 0.7222019414865796, 0.04339478377035899, 0.4582654208307979, 0.9789639537696212, 0.6293113033133145, 0.7356362137191086, 0.2765707583579039, 0.9711629569826541, 8.597470670490548e-05, 0.8871852875287194, 0.6333876542090432, 0.661081047423659, 6.997247296098466, 1, '2023-06-01', 1, '2023-06-01', 245871),
('2023', 48214, 20, 9241054.8225059029, 8302871.7864830747, 9250969.7019974368, 8464404.7653576924, 8696055.3941299696, 8088566.5859256968, 0, 0, 0, 0, 0, 0, 52043923.0563997732, 1, '2023-06-01', 1, '2023-06-01', 245871),
('2023', 48214, 40, 0.5118333943594109, 0.12986398856847925, 0.8662442374154568, 0.1463528411140005, 0.36006139125587344, 0.40948284251645606, 0.3186734022011831, 0.08735161081528442, 0.015248105684453894, 0.2168108534024038, 0.5201336493568594, 0.8106224226865958, 4.392678739376457, 1, '2023-06-01', 1, '2023-06-01', 245871),
('2023', 82796, 10, 0.6683717833549839, 0.4489456539610691, 0.834676581942146, 0.8408405277203981, 0.8457628618140328, 0.8537653496380943, 0.7508006940738913, 0.331365292803001, 0.9219006513588046, 0.4356405801761748, 0.31059814945361175, 0.3184774918751734, 7.561145618171381, 1, '2023-06-01', 1, '2023-06-01', 245871),
('2023', 82796, 20, 8698545.0940433584, 7904510.3854193487, 9892059.8443607306, 8634115.7927106943, 9048626.0827058485, 8287723.8397224246, 0, 0, 0, 0, 0, 0, 52465581.0389624051, 1, '2023-06-01', 1, '2023-06-01', 245871),
('2023', 82796, 30, 0.964396637315342, 0.4809861169793225, 0.9479898962852235, 0.6996998841091189, 0.8923468329611745, 0.5906684271207713, 0.08307721793257483, 0.7332606515169416, 0.42788490946065216, 0.3369498463752939, 0.6699452480736302, 0.2468932418046531, 7.0740989099346985, 1, '2023-06-01', 1, '2023-06-01', 245871),
('2023', 82796, 40, 0.2566034867314084, 0.2429169614782416, 0.5401074625540403, 0.8089443306667693, 0.49323912233573797, 0.5182833289239944, 0.44894848459389747, 0.49230586481492133, 0.2853485997045827, 0.945423846563049, 0.6664435794013045, 0.5655972330333707, 6.264162300801318, 1, '2023-06-01', 1, '2023-06-01', 245871),
('2023', 44, 10, 0.5002495292199337, 0.8584221782215681, 0.43851384911893465, 0.5610762558479085, 0.518953736833274, 0.8222027896709266, 0.5021393095181707, 0.09428843490061445, 0.4763420710390909, 0.07775421326480914, 0.5991589843899573, 0.6313068185783723, 6.080408170603561, 1, '2023-06-01', 1, '2023-06-01', 245871),
('2023', 44, 20, 8902369.8106623126, 8983189.0837538763, 9286470.7168091247, 8598936.8573800467, 9252501.2291927020, 9062386.7307212839, 0, 0, 0, 0, 0, 0, 54085854.4285193462, 1, '2023-06-01', 1, '2023-06-01', 245871),
('2023', 83070, 10, 0.12202833076784314, 0.7278081192824877, 0.13618544083306972, 0.4922982918683614, 0.529357629434819, 0.514358831886817, 0.09139090885505496, 0.4762972491150147, 0.8883782502314944, 0.3474414132210695, 0.44499915426404013, 0.9693206888129006, 5.7398643085729715, 1, '2023-06-01', 1, '2023-06-01', 245871),
('2023', 83070, 20, 9902769.8430322086, 9314902.4405713568, 8154537.0140101262, 9862601.7694531799, 9007758.2733889483, 9678014.9645929591, 0, 0, 0, 0, 0, 0, 55920584.3050487789, 1, '2023-06-01', 1, '2023-06-01', 245871),
('2023', 83622, 10, 0.9296979004424907, 0.13114075539262438, 0.22434585783769057, 0.17337110665870703, 0.9856766029483697, 0.4641350715179485, 0.38345977867826553, 0.04474821825569375, 0.9680863313839077, 0.16656441932211263, 0.8722679606825925, 0.5972788935568675, 5.940772896677271, 1, '2023-06-01', 1, '2023-06-01', 245871),
('2023', 83622, 20, 8129003.3717761690, 8774719.6769455925, 9304644.9552192399, 9593617.0867807436, 9652632.3592316221, 8942143.9372908799, 0, 0, 0, 0, 0, 0, 54396761.3872442470, 1, '2023-06-01', 1, '2023-06-01', 245871),
('2023', 83623, 10, 0.8348907322070702, 0.7946375561369258, 0.26271207634236315, 0.9810104189461878, 0.5246449744504883, 0.7886416339102077, 0.42751410137092016, 0.12033760003899907, 0.5888708483006558, 0.2993991734221153, 0.6599572666987015, 0.2892621426167863, 6.57187852444142, 1, '2023-06-01', 1, '2023-06-01', 245871),
('2023', 83623, 20, 8076116.2987488499, 9104011.0685034846, 9311513.3565806260, 8784079.6625982424, 9328421.3525291064, 9131528.8260474333, 0, 0, 0, 0, 0, 0, 53735670.5650077426, 1, '2023-06-01', 1, '2023-06-01', 245871),
('2023', 42, 10, 0.07738150673842725, 0.8480477626476951, 0.748428042578071, 0.32780043186265906, 0.37049525909426084, 0.9020866954785289, 0.9470669243914986, 0.7304862710213255, 0.13797020558007778, 0.23718862829023812, 0.2783938110368178, 0.9146042404523993, 6.5199497791719985, 1, '2023-06-01', 1, '2023-06-01', 326932),
('2023', 42, 20, 9184554.9713665742, 7765271.1045203991, 9608586.1481219695, 8637133.3255729266, 9604723.6466562470, 10039437.4370026303, 0, 0, 0, 0, 0, 0, 54839706.6332407467, 1, '2023-06-01', 1, '2023-06-01', 326932),
('2023', 42, 40, 0.020498017925004164, 0.9489070365270816, 0.6360532956913556, 0.8987840918423815, 0.03176495005017188, 0.12805439408063413, 0.9216109403829534, 0.731117902391686, 0.5415179870351443, 0.04956774308495959, 0.24791615802695488, 0.31250821232801407, 5.468300729366341, 1, '2023-06-01', 1, '2023-06-01', 326932),
('2023', 48214, 10, 0.061500606226108534, 0.6913730198312877, 0.8584746769174816, 0.4092222774826215, 0.9432211140943828, 0.4302410164554735, 0.4799825760548405, 0.8217151112256428, 0.46197852048083565, 0.7232372582659833, 0.5889199088780479, 0.9156014574555168, 7.385467543368222, 1, '2023-06-01', 1, '2023-06-01', 326932),
('2023', 48214, 20, 8041635.9406559288, 7246212.2222901507, 9997791.5043918939, 7132001.8559364237, 8899152.4255178590, 8955685.7206438847, 0, 0, 0, 0, 0, 0, 50272479.6694361408, 1, '2023-06-01', 1, '2023-06-01', 326932),
('2023', 48214, 40, 0.5898507220171892, 0.5628315433852102, 0.009608026340104603, 0.15826340663528538, 0.7631681852522717, 0.6856480454205351, 0.28976976775089114, 0.8181699068699828, 0.5319550929052871, 0.8553220068380607, 0.2944303750470113, 0.4817553462730738, 6.040772424734904, 1, '2023-06-01', 1, '2023-06-01', 326932),
('2023', 82796, 10, 0.6236581871996139, 0.3886669446484561, 0.38894695545127844, 0.6297453552610628, 0.6837126131041739, 0.8598409429746278, 0.01645912892899315, 0.9025423731482797, 0.25666863892537506, 0.7011350496415848, 0.1538377892495041, 0.8485316014150743, 6.453745579948024, 1, '2023-06-01', 1, '2023-06-01', 326932),
('2023', 82796, 20, 9924574.3526060255, 7065457.9993521643, 9687476.8890988873, 9877716.7616028590, 10093320.8550388410, 9316716.2906093041, 0, 0, 0, 0, 0, 0, 55965263.1483080812, 1, '2023-06-01', 1, '2023-06-01', 326932),
('2023', 82796, 30, 0.5051683948490139, 0.9432471439105368, 0.5083940928914945, 0.2782972673974695, 0.7257995754066824, 0.319135705795339, 0.5769901975263466, 0.9695669713761033, 0.6277098119940112, 0.9052060515225946, 0.382913116922616, 0.26239891750458244, 7.004827247096791, 1, '2023-06-01', 1, '2023-06-01', 326932),
('2023', 82796, 40, 0.383696147533393, 0.8229975237361719, 0.5392153303840418, 0.6041504029976795, 0.7919570499353219, 0.5058975354093302, 0.12452839969344753, 0.2685739373477807, 0.9215731017622696, 0.059009012293206875, 0.0455441284890411, 0.3147764658062078, 5.381919035387892, 1, '2023-06-01', 1, '2023-06-01', 326932),
('2023', 44, 10, 0.2896626523239778, 0.33163009730836857, 0.41864693482773874, 0.623636659410625, 0.670760814655317, 0.7748828081422028, 0.825956020803784, 0.681812141807475, 0.3202539347500305, 0.19270520972932004, 0.6298502229613193, 0.5616773825497344, 6.321474879269894, 1, '2023-06-01', 1, '2023-06-01', 326932),
('2023', 44, 20, 10903166.9904254546, 8771633.8950096930, 9046992.3867204472, 8297597.3077374306, 9418946.0931829987, 8532488.4148587497, 0, 0, 0, 0, 0, 0, 54970825.0879347738, 1, '2023-06-01', 1, '2023-06-01', 326932),
('2023', 83070, 10, 0.2806445409741547, 0.823402814230745, 0.7252379799966752, 0.8560826773784737, 0.739649478466816, 0.9399306087200521, 0.3596947104543884, 0.5126829218384251, 0.07219187993513343, 0.9346856043240664, 0.5977715007765636, 0.0535279088276257, 6.895502625923118, 1, '2023-06-01', 1, '2023-06-01', 326932),
('2023', 83070, 20, 9596755.8051234275, 8213859.7868998965, 9325369.5911478734, 8179130.1878308811, 8988456.2514161358, 8542405.3285221763, 0, 0, 0, 0, 0, 0, 52845976.9509403906, 1, '2023-06-01', 1, '2023-06-01', 326932),
('2023', 83622, 10, 0.9970291587954367, 0.875951632055865, 0.11832642196003629, 0.21657987787974575, 0.9777942226233594, 0.9578338045873737, 0.8486663641554179, 0.22472686760427274, 0.6353130978101688, 0.5154263269939462, 0.17557103855188205, 0.6404569415112101, 7.183675754528714, 1, '2023-06-01', 1, '2023-06-01', 326932),
('2023', 83622, 20, 8973265.0891363222, 7123189.3482945131, 9201528.8737445687, 8780095.0157060202, 8921011.0181696723, 9369586.5203564251, 0, 0, 0, 0, 0, 0, 52368675.8654075216, 1, '2023-06-01', 1, '2023-06-01', 326932),
('2023', 83623, 10, 0.5362825752370668, 0.13618641130291986, 0.9147169305312528, 0.2521277046073468, 0.740917735944807, 0.6565867899661411, 0.930784649406791, 0.7874843140137042, 0.1971603764646609, 0.387214922093283, 0.7169141323246504, 0.16224232187671095, 6.418618863769334, 1, '2023-06-01', 1, '2023-06-01', 326932),
('2023', 83623, 20, 8184098.6939121504, 7894609.1663540723, 8790685.8252337163, 8947370.1326050317, 9973368.2085680474, 9046764.0869572702, 0, 0, 0, 0, 0, 0, 52836896.1136302883, 1, '2023-06-01', 1, '2023-06-01', 326932),
('2023', 42, 10, 0.04129285334312238, 0.981179005495006, 0.14590664166019962, 0.5533011907883679, 0.5945238095298128, 0.7805717490184538, 0.2568034347201662, 0.4063268062585321, 0.04816705245264907, 0.8289855991380978, 0.7519507306235755, 0.16788510366362386, 5.556893976691607, 1, '2023-06-01', 1, '2023-06-01', 326327),
('2023', 42, 20, 8563791.9911471975, 7904857.7465405214, 9318779.6464152114, 8661217.4056119205, 8947460.4968187029, 8763520.5187746620, 0, 0, 0, 0, 0, 0, 52159627.8053082157, 1, '2023-06-01', 1, '2023-06-01', 326327),
('2023', 42, 40, 0.38282933735004443, 0.4064631931442997, 0.5696318075153701, 0.8922823908899596, 0.18780901437555975, 0.8060351470777554, 0.5501911015409369, 0.9244995435157568, 0.15808106861502214, 0.19874162423775543, 0.21498550369830216, 0.8185182679782571, 6.11006799993902, 1, '2023-06-01', 1, '2023-06-01', 326327),
('2023', 48214, 10, 0.8539833081194184, 0.4427245780134196, 0.522014286256914, 0.6604360662842821, 0.41375714728147617, 0.6372484565879004, 0.28753242440930826, 0.5668938210723768, 0.5343377552284895, 0.7911645187235693, 0.6241361558072268, 0.5230623782312555, 6.857290896015637, 1, '2023-06-01', 1, '2023-06-01', 326327),
('2023', 48214, 20, 8943844.6168800699, 8728133.7310717849, 9728667.9740372618, 8563572.2474682552, 8815576.4036404070, 9135413.5795117286, 0, 0, 0, 0, 0, 0, 53915208.5526095074, 1, '2023-06-01', 1, '2023-06-01', 326327),
('2023', 48214, 40, 0.9142481476980001, 0.5167127523479725, 0.8318111018353671, 0.657086544594032, 0.07369591849040813, 0.19352785451647947, 0.5269712521255726, 0.007880671755447488, 0.9945939083233782, 0.35386598850739737, 0.022394217676250716, 0.687113873894436, 5.7799022317647415, 1, '2023-06-01', 1, '2023-06-01', 326327),
('2023', 82796, 10, 0.1656502609833178, 0.8499297622959537, 0.6269287953749109, 0.917039552838274, 0.20723436241722737, 0.822999829776521, 0.27923389844634094, 0.5800473131224304, 0.5507881888841014, 0.5266070190046518, 0.22477740903668264, 0.49782566046875465, 6.249062052649166, 1, '2023-06-01', 1, '2023-06-01', 326327),
('2023', 82796, 20, 8429212.1279198412, 8502723.4311029002, 8320203.5224249911, 9818106.1915410754, 9620601.1019276142, 8972673.4698145657, 0, 0, 0, 0, 0, 0, 53663519.8447309878, 1, '2023-06-01', 1, '2023-06-01', 326327),
('2023', 82796, 30, 0.4880601292203196, 0.8343231351919072, 0.20545233151550157, 0.6927048051876046, 0.20737213355353767, 0.7298480152801343, 0.24363843498921578, 0.610424639059643, 0.3825381694067772, 0.46292339599154064, 0.8856726863868446, 0.9205393484072235, 6.663497224190249, 1, '2023-06-01', 1, '2023-06-01', 326327),
('2023', 82796, 40, 0.2375491104724392, 0.8466314446202964, 0.20217695079473574, 0.5532971174826559, 0.4137451934621257, 0.7843261583070542, 0.3914450425425654, 0.47297604564697127, 0.7510566496194012, 0.9101570224405482, 0.8042178681362745, 0.02204912795658931, 6.389627731481657, 1, '2023-06-01', 1, '2023-06-01', 326327),
('2023', 44, 10, 0.4761675226922423, 0.536487139091916, 0.2383420970484007, 0.8352526313783449, 0.9445693398948702, 0.7834123432693444, 0.29018648976471595, 0.9937897741450769, 0.7737563170387787, 0.25035102603335013, 0.19499607140836683, 0.4047704746574814, 6.722081226422888, 1, '2023-06-01', 1, '2023-06-01', 326327),
('2023', 44, 20, 9093330.7490636799, 8757473.7251551408, 8593449.0033356040, 10133790.7795840700, 9949970.6642087743, 8628503.3732100957, 0, 0, 0, 0, 0, 0, 55156518.2945573647, 1, '2023-06-01', 1, '2023-06-01', 326327),
('2023', 83070, 10, 0.9950747417544358, 0.7372000446542109, 0.12024511040960051, 0.7430006428206787, 0.1328985880965482, 0.9599232175783922, 0.3961899600081067, 0.6261309930051343, 0.8514627702814024, 0.23205235762807663, 0.44408866616281195, 0.6101070595716714, 6.848374151971068, 1, '2023-06-01', 1, '2023-06-01', 326327),
('2023', 83070, 20, 9863102.7656618050, 9907064.6015211473, 9503680.1546933121, 9468088.1198945756, 9509181.2703662522, 9133304.8481978069, 0, 0, 0, 0, 0, 0, 57384421.7603348991, 1, '2023-06-01', 1, '2023-06-01', 326327),
('2023', 83622, 10, 0.7878435649379455, 0.10531452031976907, 0.2302092904118802, 0.508481175672279, 0.6843545125815704, 0.79751748545449, 0.3787409972407937, 0.6054419361616781, 0.748286946479682, 0.33848848463756853, 0.7067177714237217, 0.6552744899479837, 6.546671175269361, 1, '2023-06-01', 1, '2023-06-01', 326327),
('2023', 83622, 20, 10129539.4069433977, 7972959.1555199905, 9306738.0137123581, 8103060.3552938818, 8836335.0535220162, 9474644.1785283312, 0, 0, 0, 0, 0, 0, 53823276.1635199755, 1, '2023-06-01', 1, '2023-06-01', 326327),
('2023', 83623, 10, 0.2469122997214792, 0.027609429027735888, 0.7026452785454655, 0.36784548005692685, 0.13663957929800763, 0.45492144671134915, 0.38915772951135985, 0.2067617484465749, 0.4362408213803314, 0.6243339853266491, 0.7702082030780394, 0.09458953236214174, 4.4578655334660615, 1, '2023-06-01', 1, '2023-06-01', 326327),
('2023', 83623, 20, 8947773.9300155282, 9239817.4596651551, 9092695.0934058035, 8796590.9269778956, 8054501.4558874693, 9886439.7693485980, 0, 0, 0, 0, 0, 0, 54017818.6353004497, 1, '2023-06-01', 1, '2023-06-01', 326327),
('2023', 42, 10, 0.8754570163370315, 0.5850237826505529, 0.02510264530645745, 0.5887213228582876, 0.23465370070549607, 0.7595094604105066, 0.7870894147506999, 0.07639421248414746, 0.5022976826796862, 0.1339012412393542, 0.07485261735644322, 0.1364056710260817, 4.779408767804746, 1, '2023-06-01', 1, '2023-06-01', -1),
('2023', 42, 20, 41910590.6555530866, 42359828.5073076609, 47351799.3693742976, 46329454.0311118282, 46259118.5216799830, 46799050.9746496396, 0, 0, 0, 0, 0, 0, 271009842.0596764959, 1, '2023-06-01', 1, '2023-06-01', -1),
('2023', 42, 40, 0.26898466759892803, 0.6517824720927977, 0.10625760215951963, 0.15075444335624255, 0.83337804460753, 0.4201059524674009, 0.6451720680828114, 0.9851269420749236, 0.7578728029358703, 0.07815692608915004, 0.5379414367559303, 0.6246038250295326, 6.060137183250636, 1, '2023-06-01', 1, '2023-06-01', -1),
('2023', 48214, 10, 0.028727468922085442, 0.9018867532052762, 0.34543347118127055, 0.6852833069882507, 0.2661078551572037, 0.055692915583981595, 0.46048790207014034, 0.7461289528239521, 0.5727627289554977, 0.7153836851009858, 0.7049798391386831, 0.42343502255890897, 5.906309901686236, 1, '2023-06-01', 1, '2023-06-01', -1),
('2023', 48214, 20, 45229034.5667053585, 42334386.7604829765, 48127220.1059417125, 41911091.3736653867, 44964371.0357361478, 44495170.4066802917, 0, 0, 0, 0, 0, 0, 267061274.2492118737, 1, '2023-06-01', 1, '2023-06-01', -1),
('2023', 48214, 40, 0.0037455400838454223, 0.6470477000485096, 0.9661047535423012, 0.3304403230970373, 0.013185400248626578, 0.865290144265955, 0.10437709578341503, 0.47568770654784276, 0.1859828326312174, 0.32792886596842075, 0.5696751729111309, 0.7683265965625423, 5.257792131690844, 1, '2023-06-01', 1, '2023-06-01', -1),
('2023', 82796, 10, 0.8741586204186207, 0.4314305834002349, 0.7300645984104948, 0.875982160817248, 0.4712112924455434, 0.15696831312792425, 0.936389318570242, 0.20899775016418698, 0.009877743581161003, 0.28222393125193923, 0.10510671313878128, 0.8271347091150759, 5.909545734441454, 1, '2023-06-01', 1, '2023-06-01', -1),
('2023', 82796, 20, 46194765.9595897299, 39395243.5336674582, 45127392.1723799025, 45334410.1140289033, 48063860.1769093809, 45980620.0904201636, 0, 0, 0, 0, 0, 0, 270096292.0469955384, 1, '2023-06-01', 1, '2023-06-01', -1),
('2023', 82796, 30, 0.8802483731753886, 0.20327827858912872, 0.22085292292363623, 0.7125585129700232, 0.3581324085851959, 0.6387699674879526, 0.9937075888921681, 0.8344942461149708, 0.8247126472251343, 0.6722873619275711, 0.7871399492394876, 0.8908366126764472, 8.017018869807105, 1, '2023-06-01', 1, '2023-06-01', -1),
('2023', 82796, 40, 0.5810295220780082, 0.7846180709213793, 0.5056374232807853, 0.487480202228748, 0.010061297534248892, 0.0036908435262585915, 0.9505802783072245, 0.0027234097671609003, 0.7155234577981233, 0.22138386183037795, 0.37732422130086707, 0.587084810313984, 5.227137398887165, 1, '2023-06-01', 1, '2023-06-01', -1),
('2023', 44, 10, 0.31114402155752485, 0.27975123626346843, 0.37904407757179637, 0.29098948543334824, 0.45678798966961387, 0.6159949351767473, 0.886682722346421, 0.21827168251840223, 0.19386404201146268, 0.5343884931391235, 0.9104889734623721, 0.2531004260758365, 5.330508085226117, 1, '2023-06-01', 1, '2023-06-01', -1),
('2023', 44, 20, 47537914.5721500070, 43291721.4430662865, 45568595.0131517183, 44340028.7539955183, 47377149.8082603555, 44120658.4699441847, 0, 0, 0, 0, 0, 0, 272236068.0605680703, 1, '2023-06-01', 1, '2023-06-01', -1),
('2023', 83070, 10, 0.501067487548038, 0.9521992471553848, 0.6202009924285092, 0.8486234994986669, 0.45727496579542115, 0.08253164874843011, 0.49098741122459466, 0.6365757695276959, 0.6531850414198969, 0.8109736574370842, 0.10258153978832762, 0.4875849304594079, 6.643786191031458, 1, '2023-06-01', 1, '2023-06-01', -1),
('2023', 83070, 20, 47643601.9065444985, 43979262.6221902033, 44380794.9009712557, 44840261.4657232478, 47799012.6686724381, 44635933.6898688563, 0, 0, 0, 0, 0, 0, 273278867.2539704997, 1, '2023-06-01', 1, '2023-06-01', -1),
('2023', 83622, 10, 0.7261259383587249, 0.19014836475025243, 0.5570135709608991, 0.7162872462942401, 0.14814878038251378, 0.5799935976107884, 0.4164980542288048, 0.7431731465333782, 0.5216742382689674, 0.5438469640901932, 0.1391194262752239, 0.5281361590453058, 5.810165486799291, 1, '2023-06-01', 1, '2023-06-01', -1),
('2023', 83622, 20, 46498144.4669886663, 40708874.8465742490, 47106586.4808180085, 44773347.3918252333, 45127681.9080025949, 45829883.5156472456, 0, 0, 0, 0, 0, 0, 270044518.6098559976, 1, '2023-06-01', 1, '2023-06-01', -1),
('2023', 83623, 10, 0.4978106180646831, 0.23157108287688544, 0.5243395284904918, 0.4328165177866429, 0.4115561723464436, 0.6908056892045378, 0.6525521090323835, 0.9976014738582903, 0.40402627022866244, 0.6051222296144374, 0.7819290054220165, 0.18213837332970206, 6.412269070255178, 1, '2023-06-01', 1, '2023-06-01', -1),
('2023', 83623, 20, 43928582.3227714153, 42763279.8448913648, 46773591.4951914399, 44010924.0265921062, 45920649.5793721849, 46864921.9714281097, 0, 0, 0, 0, 0, 0, 270261949.2402466208, 1, '2023-06-01', 1, '2023-06-01', -1),
