INSERT INTO `lucky_cooperation`.`t_actuality_cup_total` (`year`, `type`, `january_num`, `february_num`, `march_num`, `april_num`, `may_num`, `june_num`, `july_num`, `august_num`, `september_num`, `october_num`, `november_num`, `december_num`, `total_num`, `create_user`, `create_time`, `update_user`, `update_time`, `wh_dept_id`) VALUES
('2023', 10, 38.51749800003277, 19.365846474530684, 30.075900486358154, 18.899695064529098, 21.49394269011824, 44.525828252829044, 41.87073671530234, 0, 0, 0, 0, 0, 17.895787306975027, 1, '2023-06-01', 1, '2023-06-01', 327193),
('2023', 10, 2.010609435416144, 37.79068976771733, 33.94739358386298, 13.81954152656142, 22.202428827666747, 37.140683812717555, 41.67167218509418, 0, 0, 0, 0, 0, 15.715251594919698, 1, '2023-06-01', 1, '2023-06-01', 245971),
('2023', 10, 35.419457806369174, 9.962102122393778, 23.440420175066095, 11.134982801385624, 3.1678849878998214, 33.487408378426196, 49.53773287124173, 0, 0, 0, 0, 0, 13.845832428565203, 1, '2023-06-01', 1, '2023-06-01', 245871),
('2023', 10, 8.018891785616521, 7.125792997180158, 5.987112941505901, 16.749354637379565, 41.68626520214357, 9.620016932265552, 9.725953174465356, 0, 0, 0, 0, 0, 8.242782305879718, 1, '2023-06-01', 1, '2023-06-01', 326932),
('2023', 10, 36.3002458189088, 7.741844994712077, 39.061143717467495, 0.06082893288724134, 28.888581971502447, 5.788291481828672, 31.829807350489077, 0, 0, 0, 0, 0, 12.472562022316316, 1, '2023-06-01', 1, '2023-06-01', 326327),
('2023', 10, 2.2100318806087205, 1.437287005894955, 41.93226988055906, 26.834691850727417, 48.21721242448287, 29.282517710199546, 47.83761134306338, 0, 0, 0, 0, 0, 16.47930184129466, 1, '2023-06-01', 1, '2023-06-01', -1),
('2023', 20, 1.599549549728807, 12.724607729834602, 2.8310672368861587, 6.915858127912139, 34.27030727048799, 11.72260901358616, 12.753087577623928, 0, 0, 0, 0, 0, 6.901423875504983, 1, '2023-06-01', 1, '2023-06-01', 327193),
('2023', 20, 19.95741390537257, 45.68188198904862, 10.47888442924078, 42.13746780788487, 8.862724005474282, 4.959527469637109, 45.21932173790875, 0, 0, 0, 0, 0, 14.774768445380582, 1, '2023-06-01', 1, '2023-06-01', 245971),
('2023', 20, 21.638100836955036, 29.17738106964029, 34.76229270482131, 19.385245118597112, 37.89881510054798, 7.745495776470134, 14.54205286938921, 0, 0, 0, 0, 0, 13.76244862303509, 1, '2023-06-01', 1, '2023-06-01', 245871),
('2023', 20, 10.998600079607018, 33.92244686093651, 27.63076124669142, 28.780260629796544, 45.05393477174779, 16.323269935326483, 1.0754794911956744, 0, 0, 0, 0, 0, 13.648729417941786, 1, '2023-06-01', 1, '2023-06-01', 326932),
('2023', 20, 1.1958456637048975, 16.128944959275053, 35.208044005622, 5.012318008907529, 36.116218299694495, 35.11562560790531, 5.293841859587866, 0, 0, 0, 0, 0, 11.172569867058096, 1, '2023-06-01', 1, '2023-06-01', 326327),
('2023', 20, 41.812181462907475, 19.40704728185143, 36.67423176379576, 16.24050939199348, 26.101066594245957, 1.0590629983713684, 40.555695386993534, 0, 0, 0, 0, 0, 15.154149573346585, 1, '2023-06-01', 1, '2023-06-01', -1),
