INSERT INTO `lucky_cooperation`.`t_alg_purchase_wh_com_pred_future` (`predict_dt`, `plan_id`, `one_category_id`, `two_category_id`, `commodity_id`, `wh_dept_id`, `pred`, `create_time`) VALUES 
('2024-12-01', 1, 159, 160, 5990, 327193, 17.784592506482408, '2023-06-01'),
('2024-12-01', 1, 159, 160, 5990, 245971, 3.802484314351977, '2023-06-01'),
('2024-12-01', 1, 159, 160, 5990, 245871, 4.00673713193612, '2023-06-01'),
('2024-12-01', 1, 159, 160, 5990, 326932, 19.97074678934821, '2023-06-01'),
('2024-12-01', 1, 159, 160, 5990, 326327, 2.330510471807592, '2023-06-01'),
('2024-12-01', 1, 159, 160, 5990, -1, 47.89507121392631, '2023-06-01'),
('2024-12-02', 1, 159, 160, 5990, 327193, 9.31549602660654, '2023-06-01'),
('2024-12-02', 1, 159, 160, 5990, 245971, 15.32517712427892, '2023-06-01'),
('2024-12-02', 1, 159, 160, 5990, 245871, 4.543622800598834, '2023-06-01'),
('2024-12-02', 1, 159, 160, 5990, 326932, 5.1418051437445005, '2023-06-01'),
('2024-12-02', 1, 159, 160, 5990, 326327, 16.099465712895917, '2023-06-01'),
('2024-12-02', 1, 159, 160, 5990, -1, 50.425566808124714, '2023-06-01'),
('2024-12-03', 1, 159, 160, 5990, 327193, 15.74418882828591, '2023-06-01'),
('2024-12-03', 1, 159, 160, 5990, 245971, 18.738896296710877, '2023-06-01'),
('2024-12-03', 1, 159, 160, 5990, 245871, 19.802393518074037, '2023-06-01'),
('2024-12-03', 1, 159, 160, 5990, 326932, 11.9161128832896, '2023-06-01'),
('2024-12-03', 1, 159, 160, 5990, 326327, 18.286645619388306, '2023-06-01'),
('2024-12-03', 1, 159, 160, 5990, -1, 84.48823714574874, '2023-06-01'),
('2024-12-04', 1, 159, 160, 5990, 327193, 16.757908587850984, '2023-06-01'),
('2024-12-04', 1, 159, 160, 5990, 245971, 16.426653197795602, '2023-06-01'),
('2024-12-04', 1, 159, 160, 5990, 245871, 11.099714849500321, '2023-06-01'),
('2024-12-04', 1, 159, 160, 5990, 326932, 1.09949966573905, '2023-06-01'),
('2024-12-04', 1, 159, 160, 5990, 326327, 14.809425353061105, '2023-06-01'),
('2024-12-04', 1, 159, 160, 5990, -1, 60.19320165394707, '2023-06-01'),
('2024-12-05', 1, 159, 160, 5990, 327193, 2.6157693814304483, '2023-06-01'),
('2024-12-05', 1, 159, 160, 5990, 245971, 7.894476011205005, '2023-06-01'),
('2024-12-05', 1, 159, 160, 5990, 245871, 15.628701926883, '2023-06-01'),
('2024-12-05', 1, 159, 160, 5990, 326932, 7.368399684474167, '2023-06-01'),
('2024-12-05', 1, 159, 160, 5990, 326327, 17.570325386244697, '2023-06-01'),
('2024-12-05', 1, 159, 160, 5990, -1, 51.07767239023732, '2023-06-01'),
('2024-12-06', 1, 159, 160, 5990, 327193, 13.223335152166582, '2023-06-01'),
('2024-12-06', 1, 159, 160, 5990, 245971, 9.280688271653517, '2023-06-01'),
('2024-12-06', 1, 159, 160, 5990, 245871, 4.525164908237702, '2023-06-01'),
('2024-12-06', 1, 159, 160, 5990, 326932, 7.597938120250189, '2023-06-01'),
('2024-12-06', 1, 159, 160, 5990, 326327, 8.992338250872036, '2023-06-01'),
('2024-12-06', 1, 159, 160, 5990, -1, 43.61946470318003, '2023-06-01'),
('2024-12-07', 1, 159, 160, 5990, 327193, 14.088862193753988, '2023-06-01'),
('2024-12-07', 1, 159, 160, 5990, 245971, 3.3166950779826276, '2023-06-01'),
('2024-12-07', 1, 159, 160, 5990, 245871, 7.17083206991429, '2023-06-01'),
('2024-12-07', 1, 159, 160, 5990, 326932, 2.3504758223045474, '2023-06-01'),
('2024-12-07', 1, 159, 160, 5990, 326327, 15.530008417244792, '2023-06-01'),
('2024-12-07', 1, 159, 160, 5990, -1, 42.45687358120025, '2023-06-01'),
('2024-12-08', 1, 159, 160, 5990, 327193, 9.259350929436795, '2023-06-01'),
('2024-12-08', 1, 159, 160, 5990, 245971, 5.104240729296481, '2023-06-01'),
('2024-12-08', 1, 159, 160, 5990, 245871, 0.40154148762604924, '2023-06-01'),
('2024-12-08', 1, 159, 160, 5990, 326932, 3.790923920233664, '2023-06-01'),
('2024-12-08', 1, 159, 160, 5990, 326327, 19.02165083827023, '2023-06-01'),
('2024-12-08', 1, 159, 160, 5990, -1, 37.57770790486322, '2023-06-01'),
('2024-12-09', 1, 159, 160, 5990, 327193, 9.641037394862868, '2023-06-01'),
('2024-12-09', 1, 159, 160, 5990, 245971, 18.898842905876673, '2023-06-01'),
('2024-12-09', 1, 159, 160, 5990, 245871, 15.169418422461312, '2023-06-01'),
('2024-12-09', 1, 159, 160, 5990, 326932, 8.392893955557689, '2023-06-01'),
('2024-12-09', 1, 159, 160, 5990, 326327, 6.485541143546283, '2023-06-01'),
('2024-12-09', 1, 159, 160, 5990, -1, 58.58773382230483, '2023-06-01'),
('2024-12-10', 1, 159, 160, 5990, 327193, 17.20525283113338, '2023-06-01'),
('2024-12-10', 1, 159, 160, 5990, 245971, 11.888479158976144, '2023-06-01'),
('2024-12-10', 1, 159, 160, 5990, 245871, 3.9832428878003223, '2023-06-01'),
('2024-12-10', 1, 159, 160, 5990, 326932, 11.362414043892601, '2023-06-01'),
('2024-12-10', 1, 159, 160, 5990, 326327, 19.278284996800846, '2023-06-01'),
('2024-12-10', 1, 159, 160, 5990, -1, 63.717673918603296, '2023-06-01'),
('2024-12-11', 1, 159, 160, 5990, 327193, 17.2718865915115, '2023-06-01'),
('2024-12-11', 1, 159, 160, 5990, 245971, 14.186307099297712, '2023-06-01'),
('2024-12-11', 1, 159, 160, 5990, 245871, 5.829353387078912, '2023-06-01'),
('2024-12-11', 1, 159, 160, 5990, 326932, 18.854177573123472, '2023-06-01'),
('2024-12-11', 1, 159, 160, 5990, 326327, 18.608337915545818, '2023-06-01'),
('2024-12-11', 1, 159, 160, 5990, -1, 74.7500625665574, '2023-06-01'),
('2024-12-12', 1, 159, 160, 5990, 327193, 13.342554336970949, '2023-06-01'),
('2024-12-12', 1, 159, 160, 5990, 245971, 12.038016745118412, '2023-06-01'),
('2024-12-12', 1, 159, 160, 5990, 245871, 5.152834427380375, '2023-06-01'),
('2024-12-12', 1, 159, 160, 5990, 326932, 19.27112878159698, '2023-06-01'),
('2024-12-12', 1, 159, 160, 5990, 326327, 0.9690182906753675, '2023-06-01'),
('2024-12-12', 1, 159, 160, 5990, -1, 50.77355258174208, '2023-06-01'),
('2024-12-13', 1, 159, 160, 5990, 327193, 14.23588905174886, '2023-06-01'),
('2024-12-13', 1, 159, 160, 5990, 245971, 11.276411585799458, '2023-06-01'),
('2024-12-13', 1, 159, 160, 5990, 245871, 7.560529130878011, '2023-06-01'),
('2024-12-13', 1, 159, 160, 5990, 326932, 15.91712271987241, '2023-06-01'),
('2024-12-13', 1, 159, 160, 5990, 326327, 18.795181470575923, '2023-06-01'),
('2024-12-13', 1, 159, 160, 5990, -1, 67.78513395887467, '2023-06-01'),
('2024-12-14', 1, 159, 160, 5990, 327193, 0.4356322710592897, '2023-06-01'),
('2024-12-14', 1, 159, 160, 5990, 245971, 9.709861818850849, '2023-06-01'),
('2024-12-14', 1, 159, 160, 5990, 245871, 7.805973710999101, '2023-06-01'),
('2024-12-14', 1, 159, 160, 5990, 326932, 3.199469639421646, '2023-06-01'),
('2024-12-14', 1, 159, 160, 5990, 326327, 9.36090865056592, '2023-06-01'),
('2024-12-14', 1, 159, 160, 5990, -1, 30.511846090896803, '2023-06-01'),
('2024-12-15', 1, 159, 160, 5990, 327193, 15.822923145249415, '2023-06-01'),
('2024-12-15', 1, 159, 160, 5990, 245971, 10.09681854319907, '2023-06-01'),
('2024-12-15', 1, 159, 160, 5990, 245871, 16.951805686197282, '2023-06-01'),
('2024-12-15', 1, 159, 160, 5990, 326932, 13.623110582524635, '2023-06-01'),
('2024-12-15', 1, 159, 160, 5990, 326327, 10.642264831024006, '2023-06-01'),
('2024-12-15', 1, 159, 160, 5990, -1, 67.13692278819441, '2023-06-01'),
('2024-12-16', 1, 159, 160, 5990, 327193, 12.647406787025343, '2023-06-01'),
('2024-12-16', 1, 159, 160, 5990, 245971, 16.637688809099405, '2023-06-01'),
('2024-12-16', 1, 159, 160, 5990, 245871, 3.5404178358271254, '2023-06-01'),
('2024-12-16', 1, 159, 160, 5990, 326932, 5.439711982595106, '2023-06-01'),
('2024-12-16', 1, 159, 160, 5990, 326327, 4.8275826736122, '2023-06-01'),
('2024-12-16', 1, 159, 160, 5990, -1, 43.09280808815918, '2023-06-01'),
('2024-12-17', 1, 159, 160, 5990, 327193, 1.0424938781279036, '2023-06-01'),
('2024-12-17', 1, 159, 160, 5990, 245971, 17.907392069446253, '2023-06-01'),
('2024-12-17', 1, 159, 160, 5990, 245871, 3.6568551309911945, '2023-06-01'),
('2024-12-17', 1, 159, 160, 5990, 326932, 3.410539349147792, '2023-06-01'),
('2024-12-17', 1, 159, 160, 5990, 326327, 4.308056240848939, '2023-06-01'),
('2024-12-17', 1, 159, 160, 5990, -1, 30.32533666856208, '2023-06-01'),
('2024-12-18', 1, 159, 160, 5990, 327193, 17.265118811326342, '2023-06-01'),
('2024-12-18', 1, 159, 160, 5990, 245971, 19.262170090324524, '2023-06-01'),
('2024-12-18', 1, 159, 160, 5990, 245871, 2.5534377386505036, '2023-06-01'),
('2024-12-18', 1, 159, 160, 5990, 326932, 10.053228238627716, '2023-06-01'),
('2024-12-18', 1, 159, 160, 5990, 326327, 2.7929879722693296, '2023-06-01'),
('2024-12-18', 1, 159, 160, 5990, -1, 51.92694285119841, '2023-06-01'),
('2024-12-19', 1, 159, 160, 5990, 327193, 15.138417303408199, '2023-06-01'),
('2024-12-19', 1, 159, 160, 5990, 245971, 14.26720488731026, '2023-06-01'),
('2024-12-19', 1, 159, 160, 5990, 245871, 3.1706134140047504, '2023-06-01'),
('2024-12-19', 1, 159, 160, 5990, 326932, 13.203243489235374, '2023-06-01'),
('2024-12-19', 1, 159, 160, 5990, 326327, 12.931950811507985, '2023-06-01'),
('2024-12-19', 1, 159, 160, 5990, -1, 58.711429905466574, '2023-06-01'),
('2024-12-20', 1, 159, 160, 5990, 327193, 19.985012415419924, '2023-06-01'),
('2024-12-20', 1, 159, 160, 5990, 245971, 3.911536240107072, '2023-06-01'),
('2024-12-20', 1, 159, 160, 5990, 245871, 18.30235934801535, '2023-06-01'),
('2024-12-20', 1, 159, 160, 5990, 326932, 8.730467287547729, '2023-06-01'),
('2024-12-20', 1, 159, 160, 5990, 326327, 15.931369853599373, '2023-06-01'),
('2024-12-20', 1, 159, 160, 5990, -1, 66.86074514468945, '2023-06-01'),
('2024-12-21', 1, 159, 160, 5990, 327193, 19.240308939445484, '2023-06-01'),
('2024-12-21', 1, 159, 160, 5990, 245971, 8.260221052595671, '2023-06-01'),
('2024-12-21', 1, 159, 160, 5990, 245871, 6.860229550927239, '2023-06-01'),
('2024-12-21', 1, 159, 160, 5990, 326932, 1.4266670290235384, '2023-06-01'),
('2024-12-21', 1, 159, 160, 5990, 326327, 16.894336648315694, '2023-06-01'),
('2024-12-21', 1, 159, 160, 5990, -1, 52.68176322030763, '2023-06-01'),
('2024-12-22', 1, 159, 160, 5990, 327193, 11.982982827340452, '2023-06-01'),
('2024-12-22', 1, 159, 160, 5990, 245971, 7.906947985975156, '2023-06-01'),
('2024-12-22', 1, 159, 160, 5990, 245871, 17.438539883412446, '2023-06-01'),
('2024-12-22', 1, 159, 160, 5990, 326932, 4.192371524465517, '2023-06-01'),
('2024-12-22', 1, 159, 160, 5990, 326327, 13.976919696532056, '2023-06-01'),
('2024-12-22', 1, 159, 160, 5990, -1, 55.497761917725626, '2023-06-01'),
('2024-12-23', 1, 159, 160, 5990, 327193, 12.316575170338242, '2023-06-01'),
('2024-12-23', 1, 159, 160, 5990, 245971, 6.936075737222405, '2023-06-01'),
('2024-12-23', 1, 159, 160, 5990, 245871, 15.45034628240914, '2023-06-01'),
('2024-12-23', 1, 159, 160, 5990, 326932, 13.370514425651523, '2023-06-01'),
('2024-12-23', 1, 159, 160, 5990, 326327, 2.5197114606040727, '2023-06-01'),
('2024-12-23', 1, 159, 160, 5990, -1, 50.59322307622538, '2023-06-01'),
('2024-12-24', 1, 159, 160, 5990, 327193, 2.121258894814375, '2023-06-01'),
('2024-12-24', 1, 159, 160, 5990, 245971, 13.188708741386613, '2023-06-01'),
('2024-12-24', 1, 159, 160, 5990, 245871, 12.698031789882231, '2023-06-01'),
('2024-12-24', 1, 159, 160, 5990, 326932, 1.5803015917068808, '2023-06-01'),
('2024-12-24', 1, 159, 160, 5990, 326327, 4.777378118405218, '2023-06-01'),
('2024-12-24', 1, 159, 160, 5990, -1, 34.36567913619532, '2023-06-01'),
('2024-12-25', 1, 159, 160, 5990, 327193, 16.6223534274238, '2023-06-01'),
('2024-12-25', 1, 159, 160, 5990, 245971, 4.470602452680654, '2023-06-01'),
('2024-12-25', 1, 159, 160, 5990, 245871, 0.5490349075551682, '2023-06-01'),
('2024-12-25', 1, 159, 160, 5990, 326932, 10.114677445864233, '2023-06-01'),
('2024-12-25', 1, 159, 160, 5990, 326327, 10.362187314533173, '2023-06-01'),
('2024-12-25', 1, 159, 160, 5990, -1, 42.11885554805703, '2023-06-01'),
('2024-12-26', 1, 159, 160, 5990, 327193, 10.442899677403258, '2023-06-01'),
('2024-12-26', 1, 159, 160, 5990, 245971, 7.305382804115446, '2023-06-01'),
('2024-12-26', 1, 159, 160, 5990, 245871, 19.738672098848802, '2023-06-01'),
('2024-12-26', 1, 159, 160, 5990, 326932, 15.162361465425533, '2023-06-01'),
('2024-12-26', 1, 159, 160, 5990, 326327, 14.04617441521764, '2023-06-01'),
('2024-12-26', 1, 159, 160, 5990, -1, 66.69549046101068, '2023-06-01'),
('2024-12-27', 1, 159, 160, 5990, 327193, 1.6845959072938177, '2023-06-01'),
('2024-12-27', 1, 159, 160, 5990, 245971, 19.014602050966605, '2023-06-01'),
('2024-12-27', 1, 159, 160, 5990, 245871, 19.397685514951483, '2023-06-01'),
('2024-12-27', 1, 159, 160, 5990, 326932, 0.250250099282987, '2023-06-01'),
('2024-12-27', 1, 159, 160, 5990, 326327, 5.872465607913398, '2023-06-01'),
('2024-12-27', 1, 159, 160, 5990, -1, 46.21959918040829, '2023-06-01'),
('2024-12-28', 1, 159, 160, 5990, 327193, 10.768984125435065, '2023-06-01'),
('2024-12-28', 1, 159, 160, 5990, 245971, 4.382447686147004, '2023-06-01'),
('2024-12-28', 1, 159, 160, 5990, 245871, 16.49967435461182, '2023-06-01'),
('2024-12-28', 1, 159, 160, 5990, 326932, 11.544074613846826, '2023-06-01'),
('2024-12-28', 1, 159, 160, 5990, 326327, 16.724927707364014, '2023-06-01'),
('2024-12-28', 1, 159, 160, 5990, -1, 59.92010848740473, '2023-06-01'),
('2024-12-29', 1, 159, 160, 5990, 327193, 0.7143145965304964, '2023-06-01'),
('2024-12-29', 1, 159, 160, 5990, 245971, 15.369427036185108, '2023-06-01'),
('2024-12-29', 1, 159, 160, 5990, 245871, 19.062185747189886, '2023-06-01'),
('2024-12-29', 1, 159, 160, 5990, 326932, 11.753296180967837, '2023-06-01'),
('2024-12-29', 1, 159, 160, 5990, 326327, 6.977106067560797, '2023-06-01'),
('2024-12-29', 1, 159, 160, 5990, -1, 53.87632962843412, '2023-06-01'),
('2024-12-30', 1, 159, 160, 5990, 327193, 8.960666798361752, '2023-06-01'),
('2024-12-30', 1, 159, 160, 5990, 245971, 5.589641722330223, '2023-06-01'),
('2024-12-30', 1, 159, 160, 5990, 245871, 3.104895348458505, '2023-06-01'),
('2024-12-30', 1, 159, 160, 5990, 326932, 16.488307992377408, '2023-06-01'),
('2024-12-30', 1, 159, 160, 5990, 326327, 0.14102309900226428, '2023-06-01'),
('2024-12-30', 1, 159, 160, 5990, -1, 34.284534960530145, '2023-06-01'),
('2024-12-31', 1, 159, 160, 5990, 327193, 18.044968194020946, '2023-06-01'),
('2024-12-31', 1, 159, 160, 5990, 245971, 15.449744134671878, '2023-06-01'),
('2024-12-31', 1, 159, 160, 5990, 245871, 15.545548620788143, '2023-06-01'),
('2024-12-31', 1, 159, 160, 5990, 326932, 17.995511106539503, '2023-06-01'),
('2024-12-31', 1, 159, 160, 5990, 326327, 13.911142794664569, '2023-06-01'),
('2024-12-31', 1, 159, 160, 5990, -1, 80.94691485068505, '2023-06-01'),
('2024-12-01', 1, 159, 160, 6192, 327193, 18.280448056675436, '2023-06-01'),
('2024-12-01', 1, 159, 160, 6192, 245971, 15.679414308956314, '2023-06-01'),
('2024-12-01', 1, 159, 160, 6192, 245871, 3.1403665575842754, '2023-06-01'),
('2024-12-01', 1, 159, 160, 6192, 326932, 16.670208657582172, '2023-06-01'),
('2024-12-01', 1, 159, 160, 6192, 326327, 4.396466705144537, '2023-06-01'),
('2024-12-01', 1, 159, 160, 6192, -1, 58.166904285942735, '2023-06-01'),
('2024-12-02', 1, 159, 160, 6192, 327193, 5.825483268285597, '2023-06-01'),
('2024-12-02', 1, 159, 160, 6192, 245971, 10.983839151737776, '2023-06-01'),
('2024-12-02', 1, 159, 160, 6192, 245871, 18.7881997492237, '2023-06-01'),
('2024-12-02', 1, 159, 160, 6192, 326932, 9.117922300752607, '2023-06-01'),
('2024-12-02', 1, 159, 160, 6192, 326327, 9.651763743543958, '2023-06-01'),
('2024-12-02', 1, 159, 160, 6192, -1, 54.36720821354364, '2023-06-01'),
('2024-12-03', 1, 159, 160, 6192, 327193, 12.90775812764847, '2023-06-01'),
('2024-12-03', 1, 159, 160, 6192, 245971, 14.005120162885166, '2023-06-01'),
('2024-12-03', 1, 159, 160, 6192, 245871, 7.323975319186147, '2023-06-01'),
('2024-12-03', 1, 159, 160, 6192, 326932, 11.512905698452851, '2023-06-01'),
('2024-12-03', 1, 159, 160, 6192, 326327, 19.782505838735712, '2023-06-01'),
('2024-12-03', 1, 159, 160, 6192, -1, 65.53226514690836, '2023-06-01'),
('2024-12-04', 1, 159, 160, 6192, 327193, 19.367322401599477, '2023-06-01'),
('2024-12-04', 1, 159, 160, 6192, 245971, 14.130768887501288, '2023-06-01'),
('2024-12-04', 1, 159, 160, 6192, 245871, 14.814278158264981, '2023-06-01'),
('2024-12-04', 1, 159, 160, 6192, 326932, 9.441355643931875, '2023-06-01'),
('2024-12-04', 1, 159, 160, 6192, 326327, 8.703698043412423, '2023-06-01'),
('2024-12-04', 1, 159, 160, 6192, -1, 66.45742313471004, '2023-06-01'),
('2024-12-05', 1, 159, 160, 6192, 327193, 6.531903377179253, '2023-06-01'),
('2024-12-05', 1, 159, 160, 6192, 245971, 10.30818433475021, '2023-06-01'),
('2024-12-05', 1, 159, 160, 6192, 245871, 15.276981542051642, '2023-06-01'),
('2024-12-05', 1, 159, 160, 6192, 326932, 5.205068132102988, '2023-06-01'),
('2024-12-05', 1, 159, 160, 6192, 326327, 19.868848321841465, '2023-06-01'),
('2024-12-05', 1, 159, 160, 6192, -1, 57.19098570792556, '2023-06-01'),
('2024-12-06', 1, 159, 160, 6192, 327193, 6.075373506043351, '2023-06-01'),
('2024-12-06', 1, 159, 160, 6192, 245971, 3.056894219066053, '2023-06-01'),
('2024-12-06', 1, 159, 160, 6192, 245871, 14.679879369702773, '2023-06-01'),
('2024-12-06', 1, 159, 160, 6192, 326932, 6.1869605940723815, '2023-06-01'),
('2024-12-06', 1, 159, 160, 6192, 326327, 2.9281931341425405, '2023-06-01'),
('2024-12-06', 1, 159, 160, 6192, -1, 32.927300823027096, '2023-06-01'),
('2024-12-07', 1, 159, 160, 6192, 327193, 15.475630234294515, '2023-06-01'),
('2024-12-07', 1, 159, 160, 6192, 245971, 0.3525409897189613, '2023-06-01'),
('2024-12-07', 1, 159, 160, 6192, 245871, 8.974662300179093, '2023-06-01'),
('2024-12-07', 1, 159, 160, 6192, 326932, 7.02361560051024, '2023-06-01'),
('2024-12-07', 1, 159, 160, 6192, 326327, 15.07189957565255, '2023-06-01'),
('2024-12-07', 1, 159, 160, 6192, -1, 46.89834870035536, '2023-06-01'),
('2024-12-08', 1, 159, 160, 6192, 327193, 6.882654655159781, '2023-06-01'),
('2024-12-08', 1, 159, 160, 6192, 245971, 4.313507451548975, '2023-06-01'),
('2024-12-08', 1, 159, 160, 6192, 245871, 19.17406824295152, '2023-06-01'),
('2024-12-08', 1, 159, 160, 6192, 326932, 0.7604494634529768, '2023-06-01'),
('2024-12-08', 1, 159, 160, 6192, 326327, 14.639523549442732, '2023-06-01'),
('2024-12-08', 1, 159, 160, 6192, -1, 45.77020336255599, '2023-06-01'),
('2024-12-09', 1, 159, 160, 6192, 327193, 9.94796044214321, '2023-06-01'),
('2024-12-09', 1, 159, 160, 6192, 245971, 17.71448345533151, '2023-06-01'),
('2024-12-09', 1, 159, 160, 6192, 245871, 12.214226392983797, '2023-06-01'),
('2024-12-09', 1, 159, 160, 6192, 326932, 2.200913233218087, '2023-06-01'),
('2024-12-09', 1, 159, 160, 6192, 326327, 7.467164310973276, '2023-06-01'),
('2024-12-09', 1, 159, 160, 6192, -1, 49.54474783464988, '2023-06-01'),
('2024-12-10', 1, 159, 160, 6192, 327193, 18.293791289136657, '2023-06-01'),
('2024-12-10', 1, 159, 160, 6192, 245971, 10.17522819272225, '2023-06-01'),
('2024-12-10', 1, 159, 160, 6192, 245871, 7.3807932785278645, '2023-06-01'),
('2024-12-10', 1, 159, 160, 6192, 326932, 17.039709765565586, '2023-06-01'),
('2024-12-10', 1, 159, 160, 6192, 326327, 11.837222577114712, '2023-06-01'),
('2024-12-10', 1, 159, 160, 6192, -1, 64.72674510306707, '2023-06-01'),
('2024-12-11', 1, 159, 160, 6192, 327193, 15.19157444573326, '2023-06-01'),
('2024-12-11', 1, 159, 160, 6192, 245971, 8.204199585097749, '2023-06-01'),
('2024-12-11', 1, 159, 160, 6192, 245871, 11.381092837034615, '2023-06-01'),
('2024-12-11', 1, 159, 160, 6192, 326932, 12.863994528430037, '2023-06-01'),
('2024-12-11', 1, 159, 160, 6192, 326327, 15.775195287248483, '2023-06-01'),
('2024-12-11', 1, 159, 160, 6192, -1, 63.41605668354414, '2023-06-01'),
('2024-12-12', 1, 159, 160, 6192, 327193, 1.2259096577324602, '2023-06-01'),
('2024-12-12', 1, 159, 160, 6192, 245971, 19.47326383281915, '2023-06-01'),
('2024-12-12', 1, 159, 160, 6192, 245871, 16.624797303523003, '2023-06-01'),
('2024-12-12', 1, 159, 160, 6192, 326932, 18.662084191646958, '2023-06-01'),
('2024-12-12', 1, 159, 160, 6192, 326327, 8.721189204174902, '2023-06-01'),
('2024-12-12', 1, 159, 160, 6192, -1, 64.70724418989647, '2023-06-01'),
('2024-12-13', 1, 159, 160, 6192, 327193, 1.5806334464857086, '2023-06-01'),
('2024-12-13', 1, 159, 160, 6192, 245971, 17.590760192754054, '2023-06-01'),
('2024-12-13', 1, 159, 160, 6192, 245871, 14.50568411968323, '2023-06-01'),
('2024-12-13', 1, 159, 160, 6192, 326932, 8.055883407422197, '2023-06-01'),
('2024-12-13', 1, 159, 160, 6192, 326327, 17.23556284317547, '2023-06-01'),
('2024-12-13', 1, 159, 160, 6192, -1, 58.968524009520664, '2023-06-01'),
('2024-12-14', 1, 159, 160, 6192, 327193, 7.406000322089355, '2023-06-01'),
('2024-12-14', 1, 159, 160, 6192, 245971, 16.08039791114538, '2023-06-01'),
('2024-12-14', 1, 159, 160, 6192, 245871, 7.430337688117841, '2023-06-01'),
('2024-12-14', 1, 159, 160, 6192, 326932, 19.919853042297262, '2023-06-01'),
('2024-12-14', 1, 159, 160, 6192, 326327, 13.238676260048777, '2023-06-01'),
('2024-12-14', 1, 159, 160, 6192, -1, 64.07526522369861, '2023-06-01'),
('2024-12-15', 1, 159, 160, 6192, 327193, 15.678121149839544, '2023-06-01'),
('2024-12-15', 1, 159, 160, 6192, 245971, 18.673550392493887, '2023-06-01'),
('2024-12-15', 1, 159, 160, 6192, 245871, 10.809491994112388, '2023-06-01'),
('2024-12-15', 1, 159, 160, 6192, 326932, 16.456606256861953, '2023-06-01'),
('2024-12-15', 1, 159, 160, 6192, 326327, 9.56815501398884, '2023-06-01'),
('2024-12-15', 1, 159, 160, 6192, -1, 71.18592480729662, '2023-06-01'),
('2024-12-16', 1, 159, 160, 6192, 327193, 8.6346976172639, '2023-06-01'),
('2024-12-16', 1, 159, 160, 6192, 245971, 13.859983360662472, '2023-06-01'),
('2024-12-16', 1, 159, 160, 6192, 245871, 7.1962144387933735, '2023-06-01'),
('2024-12-16', 1, 159, 160, 6192, 326932, 12.334879762407772, '2023-06-01'),
('2024-12-16', 1, 159, 160, 6192, 326327, 4.44277785227383, '2023-06-01'),
('2024-12-16', 1, 159, 160, 6192, -1, 46.46855303140134, '2023-06-01'),
('2024-12-17', 1, 159, 160, 6192, 327193, 6.936587622997774, '2023-06-01'),
('2024-12-17', 1, 159, 160, 6192, 245971, 19.63083673453904, '2023-06-01'),
('2024-12-17', 1, 159, 160, 6192, 245871, 12.416523890353787, '2023-06-01'),
('2024-12-17', 1, 159, 160, 6192, 326932, 13.25206039271513, '2023-06-01'),
('2024-12-17', 1, 159, 160, 6192, 326327, 7.2691070548158265, '2023-06-01'),
('2024-12-17', 1, 159, 160, 6192, -1, 59.50511569542156, '2023-06-01'),
('2024-12-18', 1, 159, 160, 6192, 327193, 10.968367182476504, '2023-06-01'),
('2024-12-18', 1, 159, 160, 6192, 245971, 10.6411972075713, '2023-06-01'),
('2024-12-18', 1, 159, 160, 6192, 245871, 17.41833816820558, '2023-06-01'),
('2024-12-18', 1, 159, 160, 6192, 326932, 15.497217144155506, '2023-06-01'),
('2024-12-18', 1, 159, 160, 6192, 326327, 3.71963473692303, '2023-06-01'),
('2024-12-18', 1, 159, 160, 6192, -1, 58.24475443933192, '2023-06-01'),
('2024-12-19', 1, 159, 160, 6192, 327193, 1.2016214123837154, '2023-06-01'),
('2024-12-19', 1, 159, 160, 6192, 245971, 4.200779628735967, '2023-06-01'),
('2024-12-19', 1, 159, 160, 6192, 245871, 13.445754195783861, '2023-06-01'),
('2024-12-19', 1, 159, 160, 6192, 326932, 17.462016618673854, '2023-06-01'),
('2024-12-19', 1, 159, 160, 6192, 326327, 10.89799863525517, '2023-06-01'),
('2024-12-19', 1, 159, 160, 6192, -1, 47.208170490832565, '2023-06-01'),
('2024-12-20', 1, 159, 160, 6192, 327193, 11.516610262502535, '2023-06-01'),
('2024-12-20', 1, 159, 160, 6192, 245971, 4.065385827630436, '2023-06-01'),
('2024-12-20', 1, 159, 160, 6192, 245871, 1.330668438014555, '2023-06-01'),
('2024-12-20', 1, 159, 160, 6192, 326932, 19.135955277539004, '2023-06-01'),
('2024-12-20', 1, 159, 160, 6192, 326327, 16.783342280406995, '2023-06-01'),
('2024-12-20', 1, 159, 160, 6192, -1, 52.831962086093526, '2023-06-01'),
('2024-12-21', 1, 159, 160, 6192, 327193, 14.08920214210884, '2023-06-01'),
('2024-12-21', 1, 159, 160, 6192, 245971, 5.625810056037142, '2023-06-01'),
('2024-12-21', 1, 159, 160, 6192, 245871, 10.07361934036092, '2023-06-01'),
('2024-12-21', 1, 159, 160, 6192, 326932, 6.8481451467839545, '2023-06-01'),
('2024-12-21', 1, 159, 160, 6192, 326327, 16.4161505577283, '2023-06-01'),
('2024-12-21', 1, 159, 160, 6192, -1, 53.052927243019155, '2023-06-01'),
('2024-12-22', 1, 159, 160, 6192, 327193, 3.1834979449294165, '2023-06-01'),
('2024-12-22', 1, 159, 160, 6192, 245971, 15.852068784223983, '2023-06-01'),
('2024-12-22', 1, 159, 160, 6192, 245871, 16.720794209783854, '2023-06-01'),
('2024-12-22', 1, 159, 160, 6192, 326932, 7.268676261286931, '2023-06-01'),
('2024-12-22', 1, 159, 160, 6192, 326327, 10.978026347434469, '2023-06-01'),
('2024-12-22', 1, 159, 160, 6192, -1, 54.00306354765864, '2023-06-01'),
('2024-12-23', 1, 159, 160, 6192, 327193, 9.909058571787861, '2023-06-01'),
('2024-12-23', 1, 159, 160, 6192, 245971, 19.611841051926405, '2023-06-01'),
('2024-12-23', 1, 159, 160, 6192, 245871, 19.077704663560773, '2023-06-01'),
('2024-12-23', 1, 159, 160, 6192, 326932, 5.639312799530369, '2023-06-01'),
('2024-12-23', 1, 159, 160, 6192, 326327, 12.32338185879845, '2023-06-01'),
('2024-12-23', 1, 159, 160, 6192, -1, 66.56129894560387, '2023-06-01'),
('2024-12-24', 1, 159, 160, 6192, 327193, 3.6392295581353773, '2023-06-01'),
('2024-12-24', 1, 159, 160, 6192, 245971, 12.467533898778328, '2023-06-01'),
('2024-12-24', 1, 159, 160, 6192, 245871, 11.02952032126717, '2023-06-01'),
('2024-12-24', 1, 159, 160, 6192, 326932, 3.906821037846351, '2023-06-01'),
('2024-12-24', 1, 159, 160, 6192, 326327, 5.592381757804132, '2023-06-01'),
('2024-12-24', 1, 159, 160, 6192, -1, 36.63548657383136, '2023-06-01'),
('2024-12-25', 1, 159, 160, 6192, 327193, 9.180781712501574, '2023-06-01'),
('2024-12-25', 1, 159, 160, 6192, 245971, 19.707325665209996, '2023-06-01'),
('2024-12-25', 1, 159, 160, 6192, 245871, 3.76307688749977, '2023-06-01'),
('2024-12-25', 1, 159, 160, 6192, 326932, 11.551371346213193, '2023-06-01'),
('2024-12-25', 1, 159, 160, 6192, 326327, 10.932507356208683, '2023-06-01'),
('2024-12-25', 1, 159, 160, 6192, -1, 55.13506296763322, '2023-06-01'),
('2024-12-26', 1, 159, 160, 6192, 327193, 2.140633829593106, '2023-06-01'),
('2024-12-26', 1, 159, 160, 6192, 245971, 18.282160717490846, '2023-06-01'),
('2024-12-26', 1, 159, 160, 6192, 245871, 2.884945272020787, '2023-06-01'),
('2024-12-26', 1, 159, 160, 6192, 326932, 0.7630928984326268, '2023-06-01'),
('2024-12-26', 1, 159, 160, 6192, 326327, 2.8637268845495556, '2023-06-01'),
('2024-12-26', 1, 159, 160, 6192, -1, 26.934559602086924, '2023-06-01'),
('2024-12-27', 1, 159, 160, 6192, 327193, 14.636434320015155, '2023-06-01'),
('2024-12-27', 1, 159, 160, 6192, 245971, 12.926946217453395, '2023-06-01'),
('2024-12-27', 1, 159, 160, 6192, 245871, 1.8382232232580353, '2023-06-01'),
('2024-12-27', 1, 159, 160, 6192, 326932, 14.271809393529685, '2023-06-01'),
('2024-12-27', 1, 159, 160, 6192, 326327, 10.258205214221121, '2023-06-01'),
('2024-12-27', 1, 159, 160, 6192, -1, 53.931618368477395, '2023-06-01'),
('2024-12-28', 1, 159, 160, 6192, 327193, 3.0238664390742964, '2023-06-01'),
('2024-12-28', 1, 159, 160, 6192, 245971, 6.446925688225267, '2023-06-01'),
('2024-12-28', 1, 159, 160, 6192, 245871, 16.405091199734812, '2023-06-01'),
('2024-12-28', 1, 159, 160, 6192, 326932, 9.99426759030512, '2023-06-01'),
('2024-12-28', 1, 159, 160, 6192, 326327, 11.22652590607067, '2023-06-01'),
('2024-12-28', 1, 159, 160, 6192, -1, 47.096676823410164, '2023-06-01'),
('2024-12-29', 1, 159, 160, 6192, 327193, 0.019587697040224228, '2023-06-01'),
('2024-12-29', 1, 159, 160, 6192, 245971, 12.29442867474286, '2023-06-01'),
('2024-12-29', 1, 159, 160, 6192, 245871, 14.687547791225947, '2023-06-01'),
('2024-12-29', 1, 159, 160, 6192, 326932, 15.72245847512419, '2023-06-01'),
('2024-12-29', 1, 159, 160, 6192, 326327, 18.332143239696137, '2023-06-01'),
('2024-12-29', 1, 159, 160, 6192, -1, 61.05616587782936, '2023-06-01'),
('2024-12-30', 1, 159, 160, 6192, 327193, 16.960816244739817, '2023-06-01'),
('2024-12-30', 1, 159, 160, 6192, 245971, 6.837222636154589, '2023-06-01'),
('2024-12-30', 1, 159, 160, 6192, 245871, 6.585105595716767, '2023-06-01'),
('2024-12-30', 1, 159, 160, 6192, 326932, 9.474127693205192, '2023-06-01'),
('2024-12-30', 1, 159, 160, 6192, 326327, 0.8491283748340761, '2023-06-01'),
('2024-12-30', 1, 159, 160, 6192, -1, 40.706400544650435, '2023-06-01'),
('2024-12-31', 1, 159, 160, 6192, 327193, 12.865711311875627, '2023-06-01'),
('2024-12-31', 1, 159, 160, 6192, 245971, 9.654023289839701, '2023-06-01'),
('2024-12-31', 1, 159, 160, 6192, 245871, 11.203330141796542, '2023-06-01'),
('2024-12-31', 1, 159, 160, 6192, 326932, 9.345568568002697, '2023-06-01'),
('2024-12-31', 1, 159, 160, 6192, 326327, 6.25806103355135, '2023-06-01'),
('2024-12-31', 1, 159, 160, 6192, -1, 49.32669434506592, '2023-06-01'),
('2024-12-01', 1, 159, 160, 801, 327193, 18.910731321218087, '2023-06-01'),
('2024-12-01', 1, 159, 160, 801, 245971, 6.909427219341213, '2023-06-01'),
('2024-12-01', 1, 159, 160, 801, 245871, 11.997429322207458, '2023-06-01'),
('2024-12-01', 1, 159, 160, 801, 326932, 4.488637711220589, '2023-06-01'),
('2024-12-01', 1, 159, 160, 801, 326327, 0.2215074261461525, '2023-06-01'),
('2024-12-01', 1, 159, 160, 801, -1, 42.5277330001335, '2023-06-01'),
('2024-12-02', 1, 159, 160, 801, 327193, 19.98528140326871, '2023-06-01'),
('2024-12-02', 1, 159, 160, 801, 245971, 3.364689897409121, '2023-06-01'),
('2024-12-02', 1, 159, 160, 801, 245871, 5.389254998680711, '2023-06-01'),
('2024-12-02', 1, 159, 160, 801, 326932, 6.945738407764397, '2023-06-01'),
('2024-12-02', 1, 159, 160, 801, 326327, 16.413517106198203, '2023-06-01'),
('2024-12-02', 1, 159, 160, 801, -1, 52.09848181332114, '2023-06-01'),
('2024-12-03', 1, 159, 160, 801, 327193, 0.5264137566526617, '2023-06-01'),
('2024-12-03', 1, 159, 160, 801, 245971, 16.99830611934189, '2023-06-01'),
('2024-12-03', 1, 159, 160, 801, 245871, 15.052321265945972, '2023-06-01'),
('2024-12-03', 1, 159, 160, 801, 326932, 8.109514368355175, '2023-06-01'),
('2024-12-03', 1, 159, 160, 801, 326327, 9.261395191894884, '2023-06-01'),
('2024-12-03', 1, 159, 160, 801, -1, 49.94795070219059, '2023-06-01'),
('2024-12-04', 1, 159, 160, 801, 327193, 14.310044974285713, '2023-06-01'),
('2024-12-04', 1, 159, 160, 801, 245971, 7.641011626129441, '2023-06-01'),
('2024-12-04', 1, 159, 160, 801, 245871, 5.565777821526718, '2023-06-01'),
('2024-12-04', 1, 159, 160, 801, 326932, 14.332627862619338, '2023-06-01'),
('2024-12-04', 1, 159, 160, 801, 326327, 7.103030702528956, '2023-06-01'),
('2024-12-04', 1, 159, 160, 801, -1, 48.95249298709017, '2023-06-01'),
('2024-12-05', 1, 159, 160, 801, 327193, 18.277100441975026, '2023-06-01'),
('2024-12-05', 1, 159, 160, 801, 245971, 15.635736949709603, '2023-06-01'),
('2024-12-05', 1, 159, 160, 801, 245871, 15.165864483998586, '2023-06-01'),
('2024-12-05', 1, 159, 160, 801, 326932, 7.882225575911721, '2023-06-01'),
('2024-12-05', 1, 159, 160, 801, 326327, 17.70045357092443, '2023-06-01'),
('2024-12-05', 1, 159, 160, 801, -1, 74.66138102251938, '2023-06-01'),
('2024-12-06', 1, 159, 160, 801, 327193, 11.67794074306604, '2023-06-01'),
('2024-12-06', 1, 159, 160, 801, 245971, 6.655316612704523, '2023-06-01'),
('2024-12-06', 1, 159, 160, 801, 245871, 10.702824799893207, '2023-06-01'),
('2024-12-06', 1, 159, 160, 801, 326932, 11.822893232041123, '2023-06-01'),
('2024-12-06', 1, 159, 160, 801, 326327, 1.6768061129664757, '2023-06-01'),
('2024-12-06', 1, 159, 160, 801, -1, 42.53578150067137, '2023-06-01'),
('2024-12-07', 1, 159, 160, 801, 327193, 2.487823728719436, '2023-06-01'),
('2024-12-07', 1, 159, 160, 801, 245971, 19.37512171910981, '2023-06-01'),
('2024-12-07', 1, 159, 160, 801, 245871, 7.5487339810439575, '2023-06-01'),
('2024-12-07', 1, 159, 160, 801, 326932, 14.438566592950563, '2023-06-01'),
('2024-12-07', 1, 159, 160, 801, 326327, 1.1370073316292229, '2023-06-01'),
('2024-12-07', 1, 159, 160, 801, -1, 44.98725335345299, '2023-06-01'),
('2024-12-08', 1, 159, 160, 801, 327193, 4.838948356016117, '2023-06-01'),
('2024-12-08', 1, 159, 160, 801, 245971, 9.20590296540704, '2023-06-01'),
('2024-12-08', 1, 159, 160, 801, 245871, 12.264452564999157, '2023-06-01'),
('2024-12-08', 1, 159, 160, 801, 326932, 10.05028128065529, '2023-06-01'),
('2024-12-08', 1, 159, 160, 801, 326327, 5.213403483224015, '2023-06-01'),
('2024-12-08', 1, 159, 160, 801, -1, 41.57298865030162, '2023-06-01'),
('2024-12-09', 1, 159, 160, 801, 327193, 5.795234955291848, '2023-06-01'),
('2024-12-09', 1, 159, 160, 801, 245971, 17.000181824436353, '2023-06-01'),
('2024-12-09', 1, 159, 160, 801, 245871, 1.1361002498908945, '2023-06-01'),
('2024-12-09', 1, 159, 160, 801, 326932, 12.793583902440776, '2023-06-01'),
('2024-12-09', 1, 159, 160, 801, 326327, 7.111309851137921, '2023-06-01'),
('2024-12-09', 1, 159, 160, 801, -1, 43.83641078319779, '2023-06-01'),
('2024-12-10', 1, 159, 160, 801, 327193, 15.279528233744873, '2023-06-01'),
('2024-12-10', 1, 159, 160, 801, 245971, 15.422178051280422, '2023-06-01'),
('2024-12-10', 1, 159, 160, 801, 245871, 0.3476068001027022, '2023-06-01'),
('2024-12-10', 1, 159, 160, 801, 326932, 18.984792450195375, '2023-06-01'),
('2024-12-10', 1, 159, 160, 801, 326327, 3.208856947332195, '2023-06-01'),
('2024-12-10', 1, 159, 160, 801, -1, 53.24296248265557, '2023-06-01'),
('2024-12-11', 1, 159, 160, 801, 327193, 19.943007422811338, '2023-06-01'),
('2024-12-11', 1, 159, 160, 801, 245971, 9.449040775530833, '2023-06-01'),
('2024-12-11', 1, 159, 160, 801, 245871, 8.733018584269265, '2023-06-01'),
('2024-12-11', 1, 159, 160, 801, 326932, 1.6084507222004674, '2023-06-01'),
('2024-12-11', 1, 159, 160, 801, 326327, 15.142355671514968, '2023-06-01'),
('2024-12-11', 1, 159, 160, 801, -1, 54.87587317632687, '2023-06-01'),
('2024-12-12', 1, 159, 160, 801, 327193, 15.340334610972594, '2023-06-01'),
('2024-12-12', 1, 159, 160, 801, 245971, 3.704196841818681, '2023-06-01'),
('2024-12-12', 1, 159, 160, 801, 245871, 6.589714733200733, '2023-06-01'),
('2024-12-12', 1, 159, 160, 801, 326932, 9.00323182299189, '2023-06-01'),
('2024-12-12', 1, 159, 160, 801, 326327, 2.7311254539467877, '2023-06-01'),
('2024-12-12', 1, 159, 160, 801, -1, 37.368603462930686, '2023-06-01'),
('2024-12-13', 1, 159, 160, 801, 327193, 6.858820215155854, '2023-06-01'),
('2024-12-13', 1, 159, 160, 801, 245971, 8.982272979112928, '2023-06-01'),
('2024-12-13', 1, 159, 160, 801, 245871, 8.54836013883778, '2023-06-01'),
('2024-12-13', 1, 159, 160, 801, 326932, 16.852918427712765, '2023-06-01'),
('2024-12-13', 1, 159, 160, 801, 326327, 8.87461419756102, '2023-06-01'),
('2024-12-13', 1, 159, 160, 801, -1, 50.11698595838034, '2023-06-01'),
('2024-12-14', 1, 159, 160, 801, 327193, 19.215388442636804, '2023-06-01'),
('2024-12-14', 1, 159, 160, 801, 245971, 13.993764771980938, '2023-06-01'),
('2024-12-14', 1, 159, 160, 801, 245871, 8.356150522142416, '2023-06-01'),
('2024-12-14', 1, 159, 160, 801, 326932, 8.17779005808182, '2023-06-01'),
('2024-12-14', 1, 159, 160, 801, 326327, 5.969468048769251, '2023-06-01'),
('2024-12-14', 1, 159, 160, 801, -1, 55.712561843611226, '2023-06-01'),
('2024-12-15', 1, 159, 160, 801, 327193, 5.1774878246984475, '2023-06-01'),
('2024-12-15', 1, 159, 160, 801, 245971, 8.593410582312003, '2023-06-01'),
('2024-12-15', 1, 159, 160, 801, 245871, 18.626304997277842, '2023-06-01'),
('2024-12-15', 1, 159, 160, 801, 326932, 19.805391317376216, '2023-06-01'),
('2024-12-15', 1, 159, 160, 801, 326327, 0.36182164930638194, '2023-06-01'),
('2024-12-15', 1, 159, 160, 801, -1, 52.56441637097089, '2023-06-01'),
('2024-12-16', 1, 159, 160, 801, 327193, 9.62802818217382, '2023-06-01'),
('2024-12-16', 1, 159, 160, 801, 245971, 8.9405324610512, '2023-06-01'),
('2024-12-16', 1, 159, 160, 801, 245871, 6.098447601112498, '2023-06-01'),
('2024-12-16', 1, 159, 160, 801, 326932, 13.844961134223464, '2023-06-01'),
('2024-12-16', 1, 159, 160, 801, 326327, 13.588994812711114, '2023-06-01'),
('2024-12-16', 1, 159, 160, 801, -1, 52.10096419127209, '2023-06-01'),
('2024-12-17', 1, 159, 160, 801, 327193, 12.764271599092925, '2023-06-01'),
('2024-12-17', 1, 159, 160, 801, 245971, 16.865477517556897, '2023-06-01'),
('2024-12-17', 1, 159, 160, 801, 245871, 9.77677596505856, '2023-06-01'),
('2024-12-17', 1, 159, 160, 801, 326932, 10.920532786704506, '2023-06-01'),
('2024-12-17', 1, 159, 160, 801, 326327, 2.0599383240266422, '2023-06-01'),
('2024-12-17', 1, 159, 160, 801, -1, 52.386996192439526, '2023-06-01'),
('2024-12-18', 1, 159, 160, 801, 327193, 19.384232949705446, '2023-06-01'),
('2024-12-18', 1, 159, 160, 801, 245971, 3.04686533358687, '2023-06-01'),
('2024-12-18', 1, 159, 160, 801, 245871, 6.127335711801334, '2023-06-01'),
('2024-12-18', 1, 159, 160, 801, 326932, 17.086225716868345, '2023-06-01'),
('2024-12-18', 1, 159, 160, 801, 326327, 14.185626740589377, '2023-06-01'),
('2024-12-18', 1, 159, 160, 801, -1, 59.83028645255137, '2023-06-01'),
('2024-12-19', 1, 159, 160, 801, 327193, 1.7408987571374612, '2023-06-01'),
('2024-12-19', 1, 159, 160, 801, 245971, 5.8133470481466665, '2023-06-01'),
('2024-12-19', 1, 159, 160, 801, 245871, 9.44328972335348, '2023-06-01'),
('2024-12-19', 1, 159, 160, 801, 326932, 7.2807136163342445, '2023-06-01'),
('2024-12-19', 1, 159, 160, 801, 326327, 0.8845753650821742, '2023-06-01'),
('2024-12-19', 1, 159, 160, 801, -1, 25.162824510054026, '2023-06-01'),
('2024-12-20', 1, 159, 160, 801, 327193, 16.10525591795242, '2023-06-01'),
('2024-12-20', 1, 159, 160, 801, 245971, 2.1350577535880877, '2023-06-01'),
('2024-12-20', 1, 159, 160, 801, 245871, 18.323483153434214, '2023-06-01'),
('2024-12-20', 1, 159, 160, 801, 326932, 5.1371108807392325, '2023-06-01'),
('2024-12-20', 1, 159, 160, 801, 326327, 17.39828399249533, '2023-06-01'),
('2024-12-20', 1, 159, 160, 801, -1, 59.099191698209275, '2023-06-01'),
('2024-12-21', 1, 159, 160, 801, 327193, 10.553281836194884, '2023-06-01'),
('2024-12-21', 1, 159, 160, 801, 245971, 3.471444181464829, '2023-06-01'),
('2024-12-21', 1, 159, 160, 801, 245871, 11.931461109804783, '2023-06-01'),
('2024-12-21', 1, 159, 160, 801, 326932, 19.948720870086227, '2023-06-01'),
('2024-12-21', 1, 159, 160, 801, 326327, 12.29386365458861, '2023-06-01'),
('2024-12-21', 1, 159, 160, 801, -1, 58.198771652139335, '2023-06-01'),
('2024-12-22', 1, 159, 160, 801, 327193, 1.175995391528466, '2023-06-01'),
('2024-12-22', 1, 159, 160, 801, 245971, 9.151614029360722, '2023-06-01'),
('2024-12-22', 1, 159, 160, 801, 245871, 12.555126755586134, '2023-06-01'),
('2024-12-22', 1, 159, 160, 801, 326932, 18.091231329924547, '2023-06-01'),
('2024-12-22', 1, 159, 160, 801, 326327, 16.2679093786411, '2023-06-01'),
('2024-12-22', 1, 159, 160, 801, -1, 57.24187688504097, '2023-06-01'),
('2024-12-23', 1, 159, 160, 801, 327193, 10.002999210043841, '2023-06-01'),
('2024-12-23', 1, 159, 160, 801, 245971, 2.0135067448283106, '2023-06-01'),
('2024-12-23', 1, 159, 160, 801, 245871, 17.52224302293901, '2023-06-01'),
('2024-12-23', 1, 159, 160, 801, 326932, 3.6115965879834655, '2023-06-01'),
('2024-12-23', 1, 159, 160, 801, 326327, 14.196528183643824, '2023-06-01'),
('2024-12-23', 1, 159, 160, 801, -1, 47.346873749438444, '2023-06-01'),
('2024-12-24', 1, 159, 160, 801, 327193, 13.189838376488787, '2023-06-01'),
('2024-12-24', 1, 159, 160, 801, 245971, 16.638212438451664, '2023-06-01'),
('2024-12-24', 1, 159, 160, 801, 245871, 18.82023058737405, '2023-06-01'),
('2024-12-24', 1, 159, 160, 801, 326932, 15.58028322287759, '2023-06-01'),
('2024-12-24', 1, 159, 160, 801, 326327, 16.177982495038115, '2023-06-01'),
('2024-12-24', 1, 159, 160, 801, -1, 80.40654712023021, '2023-06-01'),
('2024-12-25', 1, 159, 160, 801, 327193, 16.210315833929855, '2023-06-01'),
('2024-12-25', 1, 159, 160, 801, 245971, 6.7581472810512055, '2023-06-01'),
('2024-12-25', 1, 159, 160, 801, 245871, 2.3084978830929948, '2023-06-01'),
('2024-12-25', 1, 159, 160, 801, 326932, 5.809662710656918, '2023-06-01'),
('2024-12-25', 1, 159, 160, 801, 326327, 9.849242554630989, '2023-06-01'),
('2024-12-25', 1, 159, 160, 801, -1, 40.93586626336196, '2023-06-01'),
('2024-12-26', 1, 159, 160, 801, 327193, 0.6732985887461096, '2023-06-01'),
('2024-12-26', 1, 159, 160, 801, 245971, 15.191671107943794, '2023-06-01'),
('2024-12-26', 1, 159, 160, 801, 245871, 13.497886389444545, '2023-06-01'),
('2024-12-26', 1, 159, 160, 801, 326932, 14.224231071628688, '2023-06-01'),
('2024-12-26', 1, 159, 160, 801, 326327, 2.3728647777257317, '2023-06-01'),
('2024-12-26', 1, 159, 160, 801, -1, 45.95995193548887, '2023-06-01'),
('2024-12-27', 1, 159, 160, 801, 327193, 0.9195270013057777, '2023-06-01'),
('2024-12-27', 1, 159, 160, 801, 245971, 5.910136067240672, '2023-06-01'),
('2024-12-27', 1, 159, 160, 801, 245871, 4.201247329568334, '2023-06-01'),
('2024-12-27', 1, 159, 160, 801, 326932, 6.109838880584244, '2023-06-01'),
('2024-12-27', 1, 159, 160, 801, 326327, 13.334096850710273, '2023-06-01'),
('2024-12-27', 1, 159, 160, 801, -1, 30.4748461294093, '2023-06-01'),
('2024-12-28', 1, 159, 160, 801, 327193, 14.890235774991288, '2023-06-01'),
('2024-12-28', 1, 159, 160, 801, 245971, 0.9832290512568087, '2023-06-01'),
('2024-12-28', 1, 159, 160, 801, 245871, 14.863236147065507, '2023-06-01'),
('2024-12-28', 1, 159, 160, 801, 326932, 17.299836186019498, '2023-06-01'),
('2024-12-28', 1, 159, 160, 801, 326327, 12.291092263882389, '2023-06-01'),
('2024-12-28', 1, 159, 160, 801, -1, 60.32762942321549, '2023-06-01'),
('2024-12-29', 1, 159, 160, 801, 327193, 16.649310314691526, '2023-06-01'),
('2024-12-29', 1, 159, 160, 801, 245971, 19.427595584638336, '2023-06-01'),
('2024-12-29', 1, 159, 160, 801, 245871, 10.330683015629097, '2023-06-01'),
('2024-12-29', 1, 159, 160, 801, 326932, 1.5821570602855561, '2023-06-01'),
('2024-12-29', 1, 159, 160, 801, 326327, 2.6964034150640126, '2023-06-01'),
('2024-12-29', 1, 159, 160, 801, -1, 50.68614939030852, '2023-06-01'),
('2024-12-30', 1, 159, 160, 801, 327193, 11.864801801206779, '2023-06-01'),
('2024-12-30', 1, 159, 160, 801, 245971, 19.24607713077306, '2023-06-01'),
('2024-12-30', 1, 159, 160, 801, 245871, 12.234330967558641, '2023-06-01'),
('2024-12-30', 1, 159, 160, 801, 326932, 8.551531365162987, '2023-06-01'),
('2024-12-30', 1, 159, 160, 801, 326327, 17.2371871849583, '2023-06-01'),
('2024-12-30', 1, 159, 160, 801, -1, 69.13392844965978, '2023-06-01'),
('2024-12-31', 1, 159, 160, 801, 327193, 6.221871385753472, '2023-06-01'),
('2024-12-31', 1, 159, 160, 801, 245971, 2.4128865460975657, '2023-06-01'),
('2024-12-31', 1, 159, 160, 801, 245871, 17.833929479277096, '2023-06-01'),
('2024-12-31', 1, 159, 160, 801, 326932, 13.72623087943168, '2023-06-01'),
('2024-12-31', 1, 159, 160, 801, 326327, 19.573710052708762, '2023-06-01'),
('2024-12-31', 1, 159, 160, 801, -1, 59.768628343268574, '2023-06-01'),
('2024-12-01', 1, 159, 160, 6967, 327193, 15.933807153581048, '2023-06-01'),
('2024-12-01', 1, 159, 160, 6967, 245971, 4.275017383592998, '2023-06-01'),
('2024-12-01', 1, 159, 160, 6967, 245871, 12.535028511965052, '2023-06-01'),
('2024-12-01', 1, 159, 160, 6967, 326932, 6.042135141960506, '2023-06-01'),
('2024-12-01', 1, 159, 160, 6967, 326327, 11.653682748790926, '2023-06-01'),
('2024-12-01', 1, 159, 160, 6967, -1, 50.43967093989053, '2023-06-01'),
('2024-12-02', 1, 159, 160, 6967, 327193, 0.9613489631244843, '2023-06-01'),
('2024-12-02', 1, 159, 160, 6967, 245971, 2.3688712963242664, '2023-06-01'),
('2024-12-02', 1, 159, 160, 6967, 245871, 19.026212681468667, '2023-06-01'),
('2024-12-02', 1, 159, 160, 6967, 326932, 19.894753155486647, '2023-06-01'),
('2024-12-02', 1, 159, 160, 6967, 326327, 9.712116989322762, '2023-06-01'),
('2024-12-02', 1, 159, 160, 6967, -1, 51.963303085726835, '2023-06-01'),
('2024-12-03', 1, 159, 160, 6967, 327193, 8.692801949805416, '2023-06-01'),
('2024-12-03', 1, 159, 160, 6967, 245971, 18.752517682189108, '2023-06-01'),
('2024-12-03', 1, 159, 160, 6967, 245871, 5.599680422595796, '2023-06-01'),
('2024-12-03', 1, 159, 160, 6967, 326932, 7.083371475827036, '2023-06-01'),
('2024-12-03', 1, 159, 160, 6967, 326327, 10.479408142239633, '2023-06-01'),
('2024-12-03', 1, 159, 160, 6967, -1, 50.60777967265699, '2023-06-01'),
('2024-12-04', 1, 159, 160, 6967, 327193, 9.74374678576567, '2023-06-01'),
('2024-12-04', 1, 159, 160, 6967, 245971, 10.207988665908164, '2023-06-01'),
('2024-12-04', 1, 159, 160, 6967, 245871, 3.8340280496005508, '2023-06-01'),
('2024-12-04', 1, 159, 160, 6967, 326932, 18.16814663708702, '2023-06-01'),
('2024-12-04', 1, 159, 160, 6967, 326327, 14.291552104325412, '2023-06-01'),
('2024-12-04', 1, 159, 160, 6967, -1, 56.24546224268682, '2023-06-01'),
('2024-12-05', 1, 159, 160, 6967, 327193, 19.62055027581618, '2023-06-01'),
('2024-12-05', 1, 159, 160, 6967, 245971, 9.785815160003093, '2023-06-01'),
('2024-12-05', 1, 159, 160, 6967, 245871, 9.105038360630708, '2023-06-01'),
('2024-12-05', 1, 159, 160, 6967, 326932, 19.718908051031626, '2023-06-01'),
('2024-12-05', 1, 159, 160, 6967, 326327, 17.69596355832018, '2023-06-01'),
('2024-12-05', 1, 159, 160, 6967, -1, 75.92627540580179, '2023-06-01'),
('2024-12-06', 1, 159, 160, 6967, 327193, 8.02073414584713, '2023-06-01'),
('2024-12-06', 1, 159, 160, 6967, 245971, 10.495476267295494, '2023-06-01'),
('2024-12-06', 1, 159, 160, 6967, 245871, 3.6248005761353497, '2023-06-01'),
('2024-12-06', 1, 159, 160, 6967, 326932, 2.838449897016322, '2023-06-01'),
('2024-12-06', 1, 159, 160, 6967, 326327, 13.633671850936455, '2023-06-01'),
('2024-12-06', 1, 159, 160, 6967, -1, 38.61313273723075, '2023-06-01'),
('2024-12-07', 1, 159, 160, 6967, 327193, 0.8656754043735782, '2023-06-01'),
('2024-12-07', 1, 159, 160, 6967, 245971, 13.119587775420232, '2023-06-01'),
('2024-12-07', 1, 159, 160, 6967, 245871, 5.176893205071657, '2023-06-01'),
('2024-12-07', 1, 159, 160, 6967, 326932, 14.469247313209447, '2023-06-01'),
('2024-12-07', 1, 159, 160, 6967, 326327, 19.46990354281365, '2023-06-01'),
('2024-12-07', 1, 159, 160, 6967, -1, 53.10130724088857, '2023-06-01'),
('2024-12-08', 1, 159, 160, 6967, 327193, 1.7126664564191407, '2023-06-01'),
('2024-12-08', 1, 159, 160, 6967, 245971, 12.147948447810057, '2023-06-01'),
('2024-12-08', 1, 159, 160, 6967, 245871, 16.570167387978188, '2023-06-01'),
('2024-12-08', 1, 159, 160, 6967, 326932, 5.060795782018232, '2023-06-01'),
('2024-12-08', 1, 159, 160, 6967, 326327, 14.516510133699665, '2023-06-01'),
('2024-12-08', 1, 159, 160, 6967, -1, 50.00808820792528, '2023-06-01'),
('2024-12-09', 1, 159, 160, 6967, 327193, 4.861801045406359, '2023-06-01'),
('2024-12-09', 1, 159, 160, 6967, 245971, 13.499062878985136, '2023-06-01'),
('2024-12-09', 1, 159, 160, 6967, 245871, 16.32173685381707, '2023-06-01'),
('2024-12-09', 1, 159, 160, 6967, 326932, 10.207904989609425, '2023-06-01'),
('2024-12-09', 1, 159, 160, 6967, 326327, 2.427444556495284, '2023-06-01'),
('2024-12-09', 1, 159, 160, 6967, -1, 47.31795032431327, '2023-06-01'),
('2024-12-10', 1, 159, 160, 6967, 327193, 19.44390242285357, '2023-06-01'),
('2024-12-10', 1, 159, 160, 6967, 245971, 1.427385766177598, '2023-06-01'),
('2024-12-10', 1, 159, 160, 6967, 245871, 7.411155420067295, '2023-06-01'),
('2024-12-10', 1, 159, 160, 6967, 326932, 7.500765958294162, '2023-06-01'),
('2024-12-10', 1, 159, 160, 6967, 326327, 7.5066672785516015, '2023-06-01'),
('2024-12-10', 1, 159, 160, 6967, -1, 43.28987684594423, '2023-06-01'),
('2024-12-11', 1, 159, 160, 6967, 327193, 3.271752103454044, '2023-06-01'),
('2024-12-11', 1, 159, 160, 6967, 245971, 1.9494176920977702, '2023-06-01'),
('2024-12-11', 1, 159, 160, 6967, 245871, 12.83154958531683, '2023-06-01'),
('2024-12-11', 1, 159, 160, 6967, 326932, 9.973905506027412, '2023-06-01'),
('2024-12-11', 1, 159, 160, 6967, 326327, 14.441679529291063, '2023-06-01'),
('2024-12-11', 1, 159, 160, 6967, -1, 42.468304416187124, '2023-06-01'),
('2024-12-12', 1, 159, 160, 6967, 327193, 4.895004028113849, '2023-06-01'),
('2024-12-12', 1, 159, 160, 6967, 245971, 8.200747176161327, '2023-06-01'),
('2024-12-12', 1, 159, 160, 6967, 245871, 6.8146551229209384, '2023-06-01'),
('2024-12-12', 1, 159, 160, 6967, 326932, 10.105272757390445, '2023-06-01'),
('2024-12-12', 1, 159, 160, 6967, 326327, 2.863027109218703, '2023-06-01'),
('2024-12-12', 1, 159, 160, 6967, -1, 32.878706193805264, '2023-06-01'),
('2024-12-13', 1, 159, 160, 6967, 327193, 7.469964090457363, '2023-06-01'),
('2024-12-13', 1, 159, 160, 6967, 245971, 6.3438697329631655, '2023-06-01'),
('2024-12-13', 1, 159, 160, 6967, 245871, 6.150624799080127, '2023-06-01'),
('2024-12-13', 1, 159, 160, 6967, 326932, 1.893303597571847, '2023-06-01'),
('2024-12-13', 1, 159, 160, 6967, 326327, 14.795394524038674, '2023-06-01'),
('2024-12-13', 1, 159, 160, 6967, -1, 36.65315674411118, '2023-06-01'),
('2024-12-14', 1, 159, 160, 6967, 327193, 11.569405236058707, '2023-06-01'),
('2024-12-14', 1, 159, 160, 6967, 245971, 16.09354431268304, '2023-06-01'),
('2024-12-14', 1, 159, 160, 6967, 245871, 15.703579724107135, '2023-06-01'),
('2024-12-14', 1, 159, 160, 6967, 326932, 3.791005503482978, '2023-06-01'),
('2024-12-14', 1, 159, 160, 6967, 326327, 3.8263236505706866, '2023-06-01'),
('2024-12-14', 1, 159, 160, 6967, -1, 50.98385842690254, '2023-06-01'),
('2024-12-15', 1, 159, 160, 6967, 327193, 7.058172477163492, '2023-06-01'),
('2024-12-15', 1, 159, 160, 6967, 245971, 19.67917562484851, '2023-06-01'),
('2024-12-15', 1, 159, 160, 6967, 245871, 16.12429789998322, '2023-06-01'),
('2024-12-15', 1, 159, 160, 6967, 326932, 19.328319090690403, '2023-06-01'),
('2024-12-15', 1, 159, 160, 6967, 326327, 14.748336099530938, '2023-06-01'),
('2024-12-15', 1, 159, 160, 6967, -1, 76.93830119221656, '2023-06-01'),
('2024-12-16', 1, 159, 160, 6967, 327193, 10.43297054718255, '2023-06-01'),
('2024-12-16', 1, 159, 160, 6967, 245971, 16.94138007138627, '2023-06-01'),
('2024-12-16', 1, 159, 160, 6967, 245871, 16.265975170459043, '2023-06-01'),
('2024-12-16', 1, 159, 160, 6967, 326932, 19.491765423185925, '2023-06-01'),
('2024-12-16', 1, 159, 160, 6967, 326327, 4.662364748240966, '2023-06-01'),
('2024-12-16', 1, 159, 160, 6967, -1, 67.79445596045475, '2023-06-01'),
('2024-12-17', 1, 159, 160, 6967, 327193, 4.594300958684425, '2023-06-01'),
('2024-12-17', 1, 159, 160, 6967, 245971, 17.79993604042017, '2023-06-01'),
('2024-12-17', 1, 159, 160, 6967, 245871, 7.13821060724854, '2023-06-01'),
('2024-12-17', 1, 159, 160, 6967, 326932, 19.904308270648908, '2023-06-01'),
('2024-12-17', 1, 159, 160, 6967, 326327, 14.88933410907206, '2023-06-01'),
('2024-12-17', 1, 159, 160, 6967, -1, 64.3260899860741, '2023-06-01'),
('2024-12-18', 1, 159, 160, 6967, 327193, 7.313175138626691, '2023-06-01'),
('2024-12-18', 1, 159, 160, 6967, 245971, 18.363439526721617, '2023-06-01'),
('2024-12-18', 1, 159, 160, 6967, 245871, 15.547347097457804, '2023-06-01'),
('2024-12-18', 1, 159, 160, 6967, 326932, 18.630864777978296, '2023-06-01'),
('2024-12-18', 1, 159, 160, 6967, 326327, 1.5366551414131013, '2023-06-01'),
('2024-12-18', 1, 159, 160, 6967, -1, 61.39148168219751, '2023-06-01'),
('2024-12-19', 1, 159, 160, 6967, 327193, 10.647023137788365, '2023-06-01'),
('2024-12-19', 1, 159, 160, 6967, 245971, 6.362342820204527, '2023-06-01'),
('2024-12-19', 1, 159, 160, 6967, 245871, 18.368783983072404, '2023-06-01'),
('2024-12-19', 1, 159, 160, 6967, 326932, 2.668268192691039, '2023-06-01'),
('2024-12-19', 1, 159, 160, 6967, 326327, 17.71494020478221, '2023-06-01'),
('2024-12-19', 1, 159, 160, 6967, -1, 55.76135833853854, '2023-06-01'),
('2024-12-20', 1, 159, 160, 6967, 327193, 1.9826552601446412, '2023-06-01'),
('2024-12-20', 1, 159, 160, 6967, 245971, 6.401960515624898, '2023-06-01'),
('2024-12-20', 1, 159, 160, 6967, 245871, 16.783301137025962, '2023-06-01'),
('2024-12-20', 1, 159, 160, 6967, 326932, 0.2825147713404408, '2023-06-01'),
('2024-12-20', 1, 159, 160, 6967, 326327, 13.190543515430669, '2023-06-01'),
('2024-12-20', 1, 159, 160, 6967, -1, 38.64097519956661, '2023-06-01'),
('2024-12-21', 1, 159, 160, 6967, 327193, 0.5495121768866396, '2023-06-01'),
('2024-12-21', 1, 159, 160, 6967, 245971, 12.13074173451136, '2023-06-01'),
('2024-12-21', 1, 159, 160, 6967, 245871, 9.860978242662151, '2023-06-01'),
('2024-12-21', 1, 159, 160, 6967, 326932, 10.68724617925039, '2023-06-01'),
('2024-12-21', 1, 159, 160, 6967, 326327, 7.848563311424945, '2023-06-01'),
('2024-12-21', 1, 159, 160, 6967, -1, 41.077041644735495, '2023-06-01'),
('2024-12-22', 1, 159, 160, 6967, 327193, 4.3724949401645326, '2023-06-01'),
('2024-12-22', 1, 159, 160, 6967, 245971, 1.2760627682523351, '2023-06-01'),
('2024-12-22', 1, 159, 160, 6967, 245871, 16.883707207138528, '2023-06-01'),
('2024-12-22', 1, 159, 160, 6967, 326932, 13.735739356205212, '2023-06-01'),
('2024-12-22', 1, 159, 160, 6967, 326327, 13.945280903802661, '2023-06-01'),
('2024-12-22', 1, 159, 160, 6967, -1, 50.213285175563264, '2023-06-01'),
('2024-12-23', 1, 159, 160, 6967, 327193, 11.057012542445843, '2023-06-01'),
('2024-12-23', 1, 159, 160, 6967, 245971, 7.458279552867322, '2023-06-01'),
('2024-12-23', 1, 159, 160, 6967, 245871, 4.3375350554315295, '2023-06-01'),
('2024-12-23', 1, 159, 160, 6967, 326932, 10.829549074925072, '2023-06-01'),
('2024-12-23', 1, 159, 160, 6967, 326327, 12.079915625404045, '2023-06-01'),
('2024-12-23', 1, 159, 160, 6967, -1, 45.76229185107381, '2023-06-01'),
('2024-12-24', 1, 159, 160, 6967, 327193, 16.332028455702773, '2023-06-01'),
('2024-12-24', 1, 159, 160, 6967, 245971, 3.0031723831273816, '2023-06-01'),
('2024-12-24', 1, 159, 160, 6967, 245871, 18.619279453264475, '2023-06-01'),
('2024-12-24', 1, 159, 160, 6967, 326932, 4.218196374648939, '2023-06-01'),
('2024-12-24', 1, 159, 160, 6967, 326327, 17.97859215921598, '2023-06-01'),
('2024-12-24', 1, 159, 160, 6967, -1, 60.15126882595955, '2023-06-01'),
('2024-12-25', 1, 159, 160, 6967, 327193, 13.154817023804199, '2023-06-01'),
('2024-12-25', 1, 159, 160, 6967, 245971, 14.846653518748134, '2023-06-01'),
('2024-12-25', 1, 159, 160, 6967, 245871, 5.686685181223101, '2023-06-01'),
('2024-12-25', 1, 159, 160, 6967, 326932, 14.026196588689333, '2023-06-01'),
('2024-12-25', 1, 159, 160, 6967, 326327, 15.879525604550114, '2023-06-01'),
('2024-12-25', 1, 159, 160, 6967, -1, 63.59387791701488, '2023-06-01'),
('2024-12-26', 1, 159, 160, 6967, 327193, 7.8481595875352035, '2023-06-01'),
('2024-12-26', 1, 159, 160, 6967, 245971, 3.653924870628793, '2023-06-01'),
('2024-12-26', 1, 159, 160, 6967, 245871, 10.660927845786235, '2023-06-01'),
('2024-12-26', 1, 159, 160, 6967, 326932, 4.61301597755887, '2023-06-01'),
('2024-12-26', 1, 159, 160, 6967, 326327, 6.016230218301639, '2023-06-01'),
('2024-12-26', 1, 159, 160, 6967, -1, 32.79225849981074, '2023-06-01'),
('2024-12-27', 1, 159, 160, 6967, 327193, 15.122900581913557, '2023-06-01'),
('2024-12-27', 1, 159, 160, 6967, 245971, 1.4153324600021966, '2023-06-01'),
('2024-12-27', 1, 159, 160, 6967, 245871, 16.032293943182093, '2023-06-01'),
('2024-12-27', 1, 159, 160, 6967, 326932, 19.197413398069674, '2023-06-01'),
('2024-12-27', 1, 159, 160, 6967, 326327, 16.25699496263628, '2023-06-01'),
('2024-12-27', 1, 159, 160, 6967, -1, 68.0249353458038, '2023-06-01'),
('2024-12-28', 1, 159, 160, 6967, 327193, 2.593460907434162, '2023-06-01'),
('2024-12-28', 1, 159, 160, 6967, 245971, 1.478297933619035, '2023-06-01'),
('2024-12-28', 1, 159, 160, 6967, 245871, 4.27185122981702, '2023-06-01'),
('2024-12-28', 1, 159, 160, 6967, 326932, 9.807219194572268, '2023-06-01'),
('2024-12-28', 1, 159, 160, 6967, 326327, 19.881462049692793, '2023-06-01'),
('2024-12-28', 1, 159, 160, 6967, -1, 38.032291315135275, '2023-06-01'),
('2024-12-29', 1, 159, 160, 6967, 327193, 14.269457541204996, '2023-06-01'),
('2024-12-29', 1, 159, 160, 6967, 245971, 0.9862047304285326, '2023-06-01'),
('2024-12-29', 1, 159, 160, 6967, 245871, 19.607499579944204, '2023-06-01'),
('2024-12-29', 1, 159, 160, 6967, 326932, 4.509218662919756, '2023-06-01'),
('2024-12-29', 1, 159, 160, 6967, 326327, 3.857145261854813, '2023-06-01'),
('2024-12-29', 1, 159, 160, 6967, -1, 43.2295257763523, '2023-06-01'),
('2024-12-30', 1, 159, 160, 6967, 327193, 19.019273155336407, '2023-06-01'),
('2024-12-30', 1, 159, 160, 6967, 245971, 10.260419416223986, '2023-06-01'),
('2024-12-30', 1, 159, 160, 6967, 245871, 14.715403447815586, '2023-06-01'),
('2024-12-30', 1, 159, 160, 6967, 326932, 15.115139422387767, '2023-06-01'),
('2024-12-30', 1, 159, 160, 6967, 326327, 12.454612948893223, '2023-06-01'),
('2024-12-30', 1, 159, 160, 6967, -1, 71.56484839065698, '2023-06-01'),
('2024-12-31', 1, 159, 160, 6967, 327193, 8.339469262212218, '2023-06-01'),
('2024-12-31', 1, 159, 160, 6967, 245971, 16.59242049421376, '2023-06-01'),
('2024-12-31', 1, 159, 160, 6967, 245871, 3.0096660189522617, '2023-06-01'),
('2024-12-31', 1, 159, 160, 6967, 326932, 16.09876261281181, '2023-06-01'),
('2024-12-31', 1, 159, 160, 6967, 326327, 8.212508119475629, '2023-06-01'),
('2024-12-31', 1, 159, 160, 6967, -1, 52.252826507665674, '2023-06-01'),
('2024-12-01', 1, 159, 160, 6973, 327193, 9.33795167070224, '2023-06-01'),
('2024-12-01', 1, 159, 160, 6973, 245971, 19.815709917851613, '2023-06-01'),
('2024-12-01', 1, 159, 160, 6973, 245871, 3.5438304753727667, '2023-06-01'),
('2024-12-01', 1, 159, 160, 6973, 326932, 18.089504483794336, '2023-06-01'),
('2024-12-01', 1, 159, 160, 6973, 326327, 10.955216285193732, '2023-06-01'),
('2024-12-01', 1, 159, 160, 6973, -1, 61.74221283291469, '2023-06-01'),
('2024-12-02', 1, 159, 160, 6973, 327193, 2.946862138552726, '2023-06-01'),
('2024-12-02', 1, 159, 160, 6973, 245971, 6.247354195510049, '2023-06-01'),
('2024-12-02', 1, 159, 160, 6973, 245871, 16.797672099001936, '2023-06-01'),
('2024-12-02', 1, 159, 160, 6973, 326932, 15.69269409042758, '2023-06-01'),
('2024-12-02', 1, 159, 160, 6973, 326327, 8.1339029603243, '2023-06-01'),
('2024-12-02', 1, 159, 160, 6973, -1, 49.81848548381659, '2023-06-01'),
('2024-12-03', 1, 159, 160, 6973, 327193, 19.90409198751719, '2023-06-01'),
('2024-12-03', 1, 159, 160, 6973, 245971, 4.482241061802641, '2023-06-01'),
('2024-12-03', 1, 159, 160, 6973, 245871, 10.390182174831825, '2023-06-01'),
('2024-12-03', 1, 159, 160, 6973, 326932, 19.54732119957167, '2023-06-01'),
('2024-12-03', 1, 159, 160, 6973, 326327, 14.979104423845051, '2023-06-01'),
('2024-12-03', 1, 159, 160, 6973, -1, 69.30294084756838, '2023-06-01'),
('2024-12-04', 1, 159, 160, 6973, 327193, 11.993233967647798, '2023-06-01'),
('2024-12-04', 1, 159, 160, 6973, 245971, 7.924265661189745, '2023-06-01'),
('2024-12-04', 1, 159, 160, 6973, 245871, 4.4109010063450445, '2023-06-01'),
('2024-12-04', 1, 159, 160, 6973, 326932, 19.69072092306488, '2023-06-01'),
('2024-12-04', 1, 159, 160, 6973, 326327, 15.692116942966267, '2023-06-01'),
('2024-12-04', 1, 159, 160, 6973, -1, 59.711238501213735, '2023-06-01'),
('2024-12-05', 1, 159, 160, 6973, 327193, 13.869783827965087, '2023-06-01'),
('2024-12-05', 1, 159, 160, 6973, 245971, 7.38856553601015, '2023-06-01'),
('2024-12-05', 1, 159, 160, 6973, 245871, 3.66713434168747, '2023-06-01'),
('2024-12-05', 1, 159, 160, 6973, 326932, 13.932005395520717, '2023-06-01'),
('2024-12-05', 1, 159, 160, 6973, 326327, 13.019271357789478, '2023-06-01'),
('2024-12-05', 1, 159, 160, 6973, -1, 51.8767604589729, '2023-06-01'),
('2024-12-06', 1, 159, 160, 6973, 327193, 0.00900169543425644, '2023-06-01'),
('2024-12-06', 1, 159, 160, 6973, 245971, 12.675495213527352, '2023-06-01'),
('2024-12-06', 1, 159, 160, 6973, 245871, 15.852927711756406, '2023-06-01'),
('2024-12-06', 1, 159, 160, 6973, 326932, 11.922436692383489, '2023-06-01'),
('2024-12-06', 1, 159, 160, 6973, 326327, 15.800815567222157, '2023-06-01'),
('2024-12-06', 1, 159, 160, 6973, -1, 56.26067688032366, '2023-06-01'),
('2024-12-07', 1, 159, 160, 6973, 327193, 15.673983117515453, '2023-06-01'),
('2024-12-07', 1, 159, 160, 6973, 245971, 16.246901759911363, '2023-06-01'),
('2024-12-07', 1, 159, 160, 6973, 245871, 17.87878165679928, '2023-06-01'),
('2024-12-07', 1, 159, 160, 6973, 326932, 8.09776181019171, '2023-06-01'),
('2024-12-07', 1, 159, 160, 6973, 326327, 16.75504490418647, '2023-06-01'),
('2024-12-07', 1, 159, 160, 6973, -1, 74.65247324860428, '2023-06-01'),
('2024-12-08', 1, 159, 160, 6973, 327193, 17.313656294432047, '2023-06-01'),
('2024-12-08', 1, 159, 160, 6973, 245971, 13.278903708910054, '2023-06-01'),
('2024-12-08', 1, 159, 160, 6973, 245871, 7.411099039728599, '2023-06-01'),
('2024-12-08', 1, 159, 160, 6973, 326932, 10.92954072532222, '2023-06-01'),
('2024-12-08', 1, 159, 160, 6973, 326327, 7.227586041040677, '2023-06-01'),
('2024-12-08', 1, 159, 160, 6973, -1, 56.16078580943359, '2023-06-01'),
('2024-12-09', 1, 159, 160, 6973, 327193, 19.576527697555463, '2023-06-01'),
('2024-12-09', 1, 159, 160, 6973, 245971, 13.187745555337731, '2023-06-01'),
('2024-12-09', 1, 159, 160, 6973, 245871, 14.789323083304245, '2023-06-01'),
('2024-12-09', 1, 159, 160, 6973, 326932, 13.581770694966778, '2023-06-01'),
('2024-12-09', 1, 159, 160, 6973, 326327, 8.08848727436823, '2023-06-01'),
('2024-12-09', 1, 159, 160, 6973, -1, 69.22385430553244, '2023-06-01'),
('2024-12-10', 1, 159, 160, 6973, 327193, 0.8506386686284517, '2023-06-01'),
('2024-12-10', 1, 159, 160, 6973, 245971, 11.766856414863309, '2023-06-01'),
('2024-12-10', 1, 159, 160, 6973, 245871, 14.484045883286198, '2023-06-01'),
('2024-12-10', 1, 159, 160, 6973, 326932, 16.185961223453678, '2023-06-01'),
('2024-12-10', 1, 159, 160, 6973, 326327, 2.7587839706538686, '2023-06-01'),
('2024-12-10', 1, 159, 160, 6973, -1, 46.0462861608855, '2023-06-01'),
('2024-12-11', 1, 159, 160, 6973, 327193, 1.6573022811949478, '2023-06-01'),
('2024-12-11', 1, 159, 160, 6973, 245971, 13.100652868884403, '2023-06-01'),
('2024-12-11', 1, 159, 160, 6973, 245871, 9.649173362230952, '2023-06-01'),
('2024-12-11', 1, 159, 160, 6973, 326932, 19.18032050919812, '2023-06-01'),
('2024-12-11', 1, 159, 160, 6973, 326327, 0.9397360755701922, '2023-06-01'),
('2024-12-11', 1, 159, 160, 6973, -1, 44.527185097078615, '2023-06-01'),
('2024-12-12', 1, 159, 160, 6973, 327193, 7.519611580242989, '2023-06-01'),
('2024-12-12', 1, 159, 160, 6973, 245971, 19.089429453997237, '2023-06-01'),
('2024-12-12', 1, 159, 160, 6973, 245871, 6.791964392328258, '2023-06-01'),
('2024-12-12', 1, 159, 160, 6973, 326932, 6.2898398919403276, '2023-06-01'),
('2024-12-12', 1, 159, 160, 6973, 326327, 13.457648144542242, '2023-06-01'),
('2024-12-12', 1, 159, 160, 6973, -1, 53.148493463051054, '2023-06-01'),
('2024-12-13', 1, 159, 160, 6973, 327193, 12.754716987056248, '2023-06-01'),
('2024-12-13', 1, 159, 160, 6973, 245971, 6.587113102253932, '2023-06-01'),
('2024-12-13', 1, 159, 160, 6973, 245871, 13.006092538322951, '2023-06-01'),
('2024-12-13', 1, 159, 160, 6973, 326932, 3.828881318531514, '2023-06-01'),
('2024-12-13', 1, 159, 160, 6973, 326327, 4.556558257399487, '2023-06-01'),
('2024-12-13', 1, 159, 160, 6973, -1, 40.733362203564134, '2023-06-01'),
('2024-12-14', 1, 159, 160, 6973, 327193, 18.399913910543532, '2023-06-01'),
('2024-12-14', 1, 159, 160, 6973, 245971, 13.723021857889986, '2023-06-01'),
('2024-12-14', 1, 159, 160, 6973, 245871, 16.022331415649038, '2023-06-01'),
('2024-12-14', 1, 159, 160, 6973, 326932, 1.590600760447194, '2023-06-01'),
('2024-12-14', 1, 159, 160, 6973, 326327, 5.308875035974452, '2023-06-01'),
('2024-12-14', 1, 159, 160, 6973, -1, 55.0447429805042, '2023-06-01'),
('2024-12-15', 1, 159, 160, 6973, 327193, 3.036199749446735, '2023-06-01'),
('2024-12-15', 1, 159, 160, 6973, 245971, 14.015170838406053, '2023-06-01'),
('2024-12-15', 1, 159, 160, 6973, 245871, 11.258729158776578, '2023-06-01'),
('2024-12-15', 1, 159, 160, 6973, 326932, 13.79652762996724, '2023-06-01'),
('2024-12-15', 1, 159, 160, 6973, 326327, 6.461388933626715, '2023-06-01'),
('2024-12-15', 1, 159, 160, 6973, -1, 48.56801631022332, '2023-06-01'),
('2024-12-16', 1, 159, 160, 6973, 327193, 4.998304240490077, '2023-06-01'),
('2024-12-16', 1, 159, 160, 6973, 245971, 2.3840201989804655, '2023-06-01'),
('2024-12-16', 1, 159, 160, 6973, 245871, 18.412931607541083, '2023-06-01'),
('2024-12-16', 1, 159, 160, 6973, 326932, 10.704937420085376, '2023-06-01'),
('2024-12-16', 1, 159, 160, 6973, 326327, 4.989747712023574, '2023-06-01'),
('2024-12-16', 1, 159, 160, 6973, -1, 41.48994117912058, '2023-06-01'),
('2024-12-17', 1, 159, 160, 6973, 327193, 0.7498225322231611, '2023-06-01'),
('2024-12-17', 1, 159, 160, 6973, 245971, 9.047498012156574, '2023-06-01'),
('2024-12-17', 1, 159, 160, 6973, 245871, 18.61935171211656, '2023-06-01'),
('2024-12-17', 1, 159, 160, 6973, 326932, 15.224838061565064, '2023-06-01'),
('2024-12-17', 1, 159, 160, 6973, 326327, 4.010899006195771, '2023-06-01'),
('2024-12-17', 1, 159, 160, 6973, -1, 47.652409324257135, '2023-06-01'),
('2024-12-18', 1, 159, 160, 6973, 327193, 12.823419466740484, '2023-06-01'),
('2024-12-18', 1, 159, 160, 6973, 245971, 0.477278828776162, '2023-06-01'),
('2024-12-18', 1, 159, 160, 6973, 245871, 12.1702787814435, '2023-06-01'),
('2024-12-18', 1, 159, 160, 6973, 326932, 6.679745013486162, '2023-06-01'),
('2024-12-18', 1, 159, 160, 6973, 326327, 16.64311733942917, '2023-06-01'),
('2024-12-18', 1, 159, 160, 6973, -1, 48.793839429875476, '2023-06-01'),
('2024-12-19', 1, 159, 160, 6973, 327193, 17.787680351296967, '2023-06-01'),
('2024-12-19', 1, 159, 160, 6973, 245971, 15.660808991164522, '2023-06-01'),
('2024-12-19', 1, 159, 160, 6973, 245871, 15.29345353930632, '2023-06-01'),
('2024-12-19', 1, 159, 160, 6973, 326932, 16.542634579707197, '2023-06-01'),
('2024-12-19', 1, 159, 160, 6973, 326327, 11.205442012964452, '2023-06-01'),
('2024-12-19', 1, 159, 160, 6973, -1, 76.49001947443946, '2023-06-01'),
('2024-12-20', 1, 159, 160, 6973, 327193, 13.746089791364325, '2023-06-01'),
('2024-12-20', 1, 159, 160, 6973, 245971, 8.014942174471415, '2023-06-01'),
('2024-12-20', 1, 159, 160, 6973, 245871, 1.9771732009839527, '2023-06-01'),
('2024-12-20', 1, 159, 160, 6973, 326932, 13.377145015919274, '2023-06-01'),
('2024-12-20', 1, 159, 160, 6973, 326327, 6.865302767400969, '2023-06-01'),
('2024-12-20', 1, 159, 160, 6973, -1, 43.980652950139934, '2023-06-01'),
('2024-12-21', 1, 159, 160, 6973, 327193, 17.679286812428728, '2023-06-01'),
('2024-12-21', 1, 159, 160, 6973, 245971, 0.5079190653878607, '2023-06-01'),
('2024-12-21', 1, 159, 160, 6973, 245871, 17.581922610392972, '2023-06-01'),
('2024-12-21', 1, 159, 160, 6973, 326932, 18.12504054230594, '2023-06-01'),
('2024-12-21', 1, 159, 160, 6973, 326327, 16.415055284031677, '2023-06-01'),
('2024-12-21', 1, 159, 160, 6973, -1, 70.30922431454718, '2023-06-01'),
('2024-12-22', 1, 159, 160, 6973, 327193, 17.05608752473013, '2023-06-01'),
('2024-12-22', 1, 159, 160, 6973, 245971, 12.79686066785869, '2023-06-01'),
('2024-12-22', 1, 159, 160, 6973, 245871, 14.319371690737238, '2023-06-01'),
('2024-12-22', 1, 159, 160, 6973, 326932, 13.171107888328603, '2023-06-01'),
('2024-12-22', 1, 159, 160, 6973, 326327, 13.183316199684182, '2023-06-01'),
('2024-12-22', 1, 159, 160, 6973, -1, 70.52674397133885, '2023-06-01'),
('2024-12-23', 1, 159, 160, 6973, 327193, 12.641188336667877, '2023-06-01'),
('2024-12-23', 1, 159, 160, 6973, 245971, 7.62966180978045, '2023-06-01'),
('2024-12-23', 1, 159, 160, 6973, 245871, 10.695019056667547, '2023-06-01'),
('2024-12-23', 1, 159, 160, 6973, 326932, 17.856533810543606, '2023-06-01'),
('2024-12-23', 1, 159, 160, 6973, 326327, 10.000645501812652, '2023-06-01'),
('2024-12-23', 1, 159, 160, 6973, -1, 58.82304851547214, '2023-06-01'),
('2024-12-24', 1, 159, 160, 6973, 327193, 1.719012892518459, '2023-06-01'),
('2024-12-24', 1, 159, 160, 6973, 245971, 16.834588239574607, '2023-06-01'),
('2024-12-24', 1, 159, 160, 6973, 245871, 8.048573597344541, '2023-06-01'),
('2024-12-24', 1, 159, 160, 6973, 326932, 7.145119500137027, '2023-06-01'),
('2024-12-24', 1, 159, 160, 6973, 326327, 19.050776108112334, '2023-06-01'),
('2024-12-24', 1, 159, 160, 6973, -1, 52.798070337686966, '2023-06-01'),
('2024-12-25', 1, 159, 160, 6973, 327193, 16.66911664399033, '2023-06-01'),
('2024-12-25', 1, 159, 160, 6973, 245971, 16.976231297470985, '2023-06-01'),
('2024-12-25', 1, 159, 160, 6973, 245871, 18.512161659316387, '2023-06-01'),
('2024-12-25', 1, 159, 160, 6973, 326932, 16.54491451178254, '2023-06-01'),
('2024-12-25', 1, 159, 160, 6973, 326327, 16.959836026565483, '2023-06-01'),
('2024-12-25', 1, 159, 160, 6973, -1, 85.66226013912572, '2023-06-01'),
('2024-12-26', 1, 159, 160, 6973, 327193, 14.935170600885254, '2023-06-01'),
('2024-12-26', 1, 159, 160, 6973, 245971, 10.297720941164295, '2023-06-01'),
('2024-12-26', 1, 159, 160, 6973, 245871, 16.896049416213398, '2023-06-01'),
('2024-12-26', 1, 159, 160, 6973, 326932, 17.19363214368413, '2023-06-01'),
('2024-12-26', 1, 159, 160, 6973, 326327, 3.7437531157280346, '2023-06-01'),
('2024-12-26', 1, 159, 160, 6973, -1, 63.066326217675105, '2023-06-01'),
('2024-12-27', 1, 159, 160, 6973, 327193, 4.124279740058123, '2023-06-01'),
('2024-12-27', 1, 159, 160, 6973, 245971, 15.730181049753842, '2023-06-01'),
('2024-12-27', 1, 159, 160, 6973, 245871, 19.826358081185255, '2023-06-01'),
('2024-12-27', 1, 159, 160, 6973, 326932, 12.812182669108465, '2023-06-01'),
('2024-12-27', 1, 159, 160, 6973, 326327, 13.156402230294688, '2023-06-01'),
('2024-12-27', 1, 159, 160, 6973, -1, 65.64940377040037, '2023-06-01'),
('2024-12-28', 1, 159, 160, 6973, 327193, 9.303275579319708, '2023-06-01'),
('2024-12-28', 1, 159, 160, 6973, 245971, 4.631104707215295, '2023-06-01'),
('2024-12-28', 1, 159, 160, 6973, 245871, 6.163534985708368, '2023-06-01'),
('2024-12-28', 1, 159, 160, 6973, 326932, 10.661842905747339, '2023-06-01'),
('2024-12-28', 1, 159, 160, 6973, 326327, 10.305596546823626, '2023-06-01'),
('2024-12-28', 1, 159, 160, 6973, -1, 41.065354724814334, '2023-06-01'),
('2024-12-29', 1, 159, 160, 6973, 327193, 13.2875809833224, '2023-06-01'),
('2024-12-29', 1, 159, 160, 6973, 245971, 8.476677121453788, '2023-06-01'),
('2024-12-29', 1, 159, 160, 6973, 245871, 9.163563081251048, '2023-06-01'),
('2024-12-29', 1, 159, 160, 6973, 326932, 14.613971261905208, '2023-06-01'),
('2024-12-29', 1, 159, 160, 6973, 326327, 14.088568404349306, '2023-06-01'),
('2024-12-29', 1, 159, 160, 6973, -1, 59.630360852281754, '2023-06-01'),
('2024-12-30', 1, 159, 160, 6973, 327193, 1.8151242682110147, '2023-06-01'),
('2024-12-30', 1, 159, 160, 6973, 245971, 17.07424153988354, '2023-06-01'),
('2024-12-30', 1, 159, 160, 6973, 245871, 1.978169463056878, '2023-06-01'),
('2024-12-30', 1, 159, 160, 6973, 326932, 14.97102054993022, '2023-06-01'),
('2024-12-30', 1, 159, 160, 6973, 326327, 10.486544944979121, '2023-06-01'),
('2024-12-30', 1, 159, 160, 6973, -1, 46.32510076606078, '2023-06-01'),
('2024-12-31', 1, 159, 160, 6973, 327193, 8.54573534470907, '2023-06-01'),
('2024-12-31', 1, 159, 160, 6973, 245971, 17.730019536792817, '2023-06-01'),
('2024-12-31', 1, 159, 160, 6973, 245871, 11.162854923789006, '2023-06-01'),
('2024-12-31', 1, 159, 160, 6973, 326932, 4.307720330936753, '2023-06-01'),
('2024-12-31', 1, 159, 160, 6973, 326327, 5.384538108599795, '2023-06-01'),
('2024-12-31', 1, 159, 160, 6973, -1, 47.13086824482744, '2023-06-01'),
('2024-12-01', 1, 159, 160, 6991, 327193, 3.9739776140464245, '2023-06-01'),
('2024-12-01', 1, 159, 160, 6991, 245971, 14.00983305047091, '2023-06-01'),
('2024-12-01', 1, 159, 160, 6991, 245871, 15.155235979232451, '2023-06-01'),
('2024-12-01', 1, 159, 160, 6991, 326932, 5.335899209571615, '2023-06-01'),
('2024-12-01', 1, 159, 160, 6991, 326327, 15.490198981148023, '2023-06-01'),
('2024-12-01', 1, 159, 160, 6991, -1, 53.96514483446943, '2023-06-01'),
('2024-12-02', 1, 159, 160, 6991, 327193, 12.773393923382358, '2023-06-01'),
('2024-12-02', 1, 159, 160, 6991, 245971, 17.797013082863973, '2023-06-01'),
('2024-12-02', 1, 159, 160, 6991, 245871, 3.181535572539742, '2023-06-01'),
('2024-12-02', 1, 159, 160, 6991, 326932, 8.62663224684483, '2023-06-01'),
('2024-12-02', 1, 159, 160, 6991, 326327, 15.102213880274682, '2023-06-01'),
('2024-12-02', 1, 159, 160, 6991, -1, 57.48078870590558, '2023-06-01'),
('2024-12-03', 1, 159, 160, 6991, 327193, 11.362479480634898, '2023-06-01'),
('2024-12-03', 1, 159, 160, 6991, 245971, 1.3938304483734165, '2023-06-01'),
('2024-12-03', 1, 159, 160, 6991, 245871, 11.169743356518278, '2023-06-01'),
('2024-12-03', 1, 159, 160, 6991, 326932, 16.251535410803037, '2023-06-01'),
('2024-12-03', 1, 159, 160, 6991, 326327, 19.199436312154173, '2023-06-01'),
('2024-12-03', 1, 159, 160, 6991, -1, 59.3770250084838, '2023-06-01'),
('2024-12-04', 1, 159, 160, 6991, 327193, 1.4038807737641412, '2023-06-01'),
('2024-12-04', 1, 159, 160, 6991, 245971, 9.616896244994514, '2023-06-01'),
('2024-12-04', 1, 159, 160, 6991, 245871, 9.51392081049937, '2023-06-01'),
('2024-12-04', 1, 159, 160, 6991, 326932, 6.3190073660562485, '2023-06-01'),
('2024-12-04', 1, 159, 160, 6991, 326327, 18.46707943146667, '2023-06-01'),
('2024-12-04', 1, 159, 160, 6991, -1, 45.32078462678094, '2023-06-01'),
('2024-12-05', 1, 159, 160, 6991, 327193, 14.154645010265819, '2023-06-01'),
('2024-12-05', 1, 159, 160, 6991, 245971, 4.064527049615982, '2023-06-01'),
('2024-12-05', 1, 159, 160, 6991, 245871, 15.719261372890724, '2023-06-01'),
('2024-12-05', 1, 159, 160, 6991, 326932, 6.520269708795419, '2023-06-01'),
('2024-12-05', 1, 159, 160, 6991, 326327, 2.282887595263836, '2023-06-01'),
('2024-12-05', 1, 159, 160, 6991, -1, 42.74159073683178, '2023-06-01'),
('2024-12-06', 1, 159, 160, 6991, 327193, 12.076835805737367, '2023-06-01'),
('2024-12-06', 1, 159, 160, 6991, 245971, 1.3722114134799002, '2023-06-01'),
('2024-12-06', 1, 159, 160, 6991, 245871, 0.2094096887780572, '2023-06-01'),
('2024-12-06', 1, 159, 160, 6991, 326932, 4.7121862303081885, '2023-06-01'),
('2024-12-06', 1, 159, 160, 6991, 326327, 7.395572793659517, '2023-06-01'),
('2024-12-06', 1, 159, 160, 6991, -1, 25.766215931963032, '2023-06-01'),
('2024-12-07', 1, 159, 160, 6991, 327193, 2.643812252644293, '2023-06-01'),
('2024-12-07', 1, 159, 160, 6991, 245971, 5.031301864144709, '2023-06-01'),
('2024-12-07', 1, 159, 160, 6991, 245871, 7.307046623211011, '2023-06-01'),
('2024-12-07', 1, 159, 160, 6991, 326932, 19.980581820354143, '2023-06-01'),
('2024-12-07', 1, 159, 160, 6991, 326327, 7.982572303136375, '2023-06-01'),
('2024-12-07', 1, 159, 160, 6991, -1, 42.94531486349053, '2023-06-01'),
('2024-12-08', 1, 159, 160, 6991, 327193, 10.157499364516287, '2023-06-01'),
('2024-12-08', 1, 159, 160, 6991, 245971, 14.56816701440073, '2023-06-01'),
('2024-12-08', 1, 159, 160, 6991, 245871, 16.551313015187993, '2023-06-01'),
('2024-12-08', 1, 159, 160, 6991, 326932, 0.46779993203851733, '2023-06-01'),
('2024-12-08', 1, 159, 160, 6991, 326327, 9.065783719679699, '2023-06-01'),
('2024-12-08', 1, 159, 160, 6991, -1, 50.81056304582323, '2023-06-01'),
('2024-12-09', 1, 159, 160, 6991, 327193, 10.309895801525428, '2023-06-01'),
('2024-12-09', 1, 159, 160, 6991, 245971, 15.094265984663569, '2023-06-01'),
('2024-12-09', 1, 159, 160, 6991, 245871, 2.832637763742041, '2023-06-01'),
('2024-12-09', 1, 159, 160, 6991, 326932, 8.076472908012576, '2023-06-01'),
('2024-12-09', 1, 159, 160, 6991, 326327, 19.47641706105521, '2023-06-01'),
('2024-12-09', 1, 159, 160, 6991, -1, 55.78968951899882, '2023-06-01'),
('2024-12-10', 1, 159, 160, 6991, 327193, 3.6927386367344095, '2023-06-01'),
('2024-12-10', 1, 159, 160, 6991, 245971, 9.27636301850834, '2023-06-01'),
('2024-12-10', 1, 159, 160, 6991, 245871, 11.532285765367583, '2023-06-01'),
('2024-12-10', 1, 159, 160, 6991, 326932, 2.6510674529522293, '2023-06-01'),
('2024-12-10', 1, 159, 160, 6991, 326327, 7.310012886975922, '2023-06-01'),
('2024-12-10', 1, 159, 160, 6991, -1, 34.46246776053849, '2023-06-01'),
('2024-12-11', 1, 159, 160, 6991, 327193, 18.607972114622036, '2023-06-01'),
('2024-12-11', 1, 159, 160, 6991, 245971, 18.59803615870637, '2023-06-01'),
('2024-12-11', 1, 159, 160, 6991, 245871, 8.265778499003558, '2023-06-01'),
('2024-12-11', 1, 159, 160, 6991, 326932, 18.384630874849908, '2023-06-01'),
('2024-12-11', 1, 159, 160, 6991, 326327, 16.44425763862046, '2023-06-01'),
('2024-12-11', 1, 159, 160, 6991, -1, 80.30067528580233, '2023-06-01'),
('2024-12-12', 1, 159, 160, 6991, 327193, 13.636784833099892, '2023-06-01'),
('2024-12-12', 1, 159, 160, 6991, 245971, 11.323998610331598, '2023-06-01'),
('2024-12-12', 1, 159, 160, 6991, 245871, 13.708466241998225, '2023-06-01'),
('2024-12-12', 1, 159, 160, 6991, 326932, 17.31978390300473, '2023-06-01'),
('2024-12-12', 1, 159, 160, 6991, 326327, 7.171494873067148, '2023-06-01'),
('2024-12-12', 1, 159, 160, 6991, -1, 63.160528461501585, '2023-06-01'),
('2024-12-13', 1, 159, 160, 6991, 327193, 1.5141567885659124, '2023-06-01'),
('2024-12-13', 1, 159, 160, 6991, 245971, 11.320815009272847, '2023-06-01'),
('2024-12-13', 1, 159, 160, 6991, 245871, 18.511350604397794, '2023-06-01'),
('2024-12-13', 1, 159, 160, 6991, 326932, 7.83704290159954, '2023-06-01'),
('2024-12-13', 1, 159, 160, 6991, 326327, 11.213878772518697, '2023-06-01'),
('2024-12-13', 1, 159, 160, 6991, -1, 50.39724407635479, '2023-06-01'),
('2024-12-14', 1, 159, 160, 6991, 327193, 17.757145715322558, '2023-06-01'),
('2024-12-14', 1, 159, 160, 6991, 245971, 2.1466346925265434, '2023-06-01'),
('2024-12-14', 1, 159, 160, 6991, 245871, 15.034164893466933, '2023-06-01'),
('2024-12-14', 1, 159, 160, 6991, 326932, 4.4395500874330684, '2023-06-01'),
('2024-12-14', 1, 159, 160, 6991, 326327, 1.3685054598985813, '2023-06-01'),
('2024-12-14', 1, 159, 160, 6991, -1, 40.74600084864768, '2023-06-01'),
('2024-12-15', 1, 159, 160, 6991, 327193, 16.91987751396171, '2023-06-01'),
('2024-12-15', 1, 159, 160, 6991, 245971, 6.832168215538208, '2023-06-01'),
('2024-12-15', 1, 159, 160, 6991, 245871, 4.963796894237545, '2023-06-01'),
('2024-12-15', 1, 159, 160, 6991, 326932, 3.6350935772296333, '2023-06-01'),
('2024-12-15', 1, 159, 160, 6991, 326327, 17.407179798147016, '2023-06-01'),
('2024-12-15', 1, 159, 160, 6991, -1, 49.75811599911411, '2023-06-01'),
('2024-12-16', 1, 159, 160, 6991, 327193, 15.489208542674422, '2023-06-01'),
('2024-12-16', 1, 159, 160, 6991, 245971, 11.951251934988097, '2023-06-01'),
('2024-12-16', 1, 159, 160, 6991, 245871, 10.942395581296813, '2023-06-01'),
('2024-12-16', 1, 159, 160, 6991, 326932, 19.352790752253732, '2023-06-01'),
('2024-12-16', 1, 159, 160, 6991, 326327, 4.90256283966271, '2023-06-01'),
('2024-12-16', 1, 159, 160, 6991, -1, 62.63820965087577, '2023-06-01'),
('2024-12-17', 1, 159, 160, 6991, 327193, 0.5101151400231485, '2023-06-01'),
('2024-12-17', 1, 159, 160, 6991, 245971, 17.33215288569496, '2023-06-01'),
('2024-12-17', 1, 159, 160, 6991, 245871, 18.861517397925677, '2023-06-01'),
('2024-12-17', 1, 159, 160, 6991, 326932, 0.6330463469047642, '2023-06-01'),
('2024-12-17', 1, 159, 160, 6991, 326327, 3.641963407955051, '2023-06-01'),
('2024-12-17', 1, 159, 160, 6991, -1, 40.9787951785036, '2023-06-01'),
('2024-12-18', 1, 159, 160, 6991, 327193, 19.26923975556011, '2023-06-01'),
('2024-12-18', 1, 159, 160, 6991, 245971, 7.249670429225244, '2023-06-01'),
('2024-12-18', 1, 159, 160, 6991, 245871, 5.638211692644919, '2023-06-01'),
('2024-12-18', 1, 159, 160, 6991, 326932, 1.6550945668837014, '2023-06-01'),
('2024-12-18', 1, 159, 160, 6991, 326327, 6.55552155220859, '2023-06-01'),
('2024-12-18', 1, 159, 160, 6991, -1, 40.367737996522564, '2023-06-01'),
('2024-12-19', 1, 159, 160, 6991, 327193, 16.91422525958363, '2023-06-01'),
('2024-12-19', 1, 159, 160, 6991, 245971, 8.54197085085442, '2023-06-01'),
('2024-12-19', 1, 159, 160, 6991, 245871, 8.518428934004854, '2023-06-01'),
('2024-12-19', 1, 159, 160, 6991, 326932, 10.608670391642377, '2023-06-01'),
('2024-12-19', 1, 159, 160, 6991, 326327, 19.924430463634067, '2023-06-01'),
('2024-12-19', 1, 159, 160, 6991, -1, 64.50772589971935, '2023-06-01'),
('2024-12-20', 1, 159, 160, 6991, 327193, 3.8010440419392366, '2023-06-01'),
('2024-12-20', 1, 159, 160, 6991, 245971, 7.02011677597641, '2023-06-01'),
('2024-12-20', 1, 159, 160, 6991, 245871, 0.6675905159994588, '2023-06-01'),
('2024-12-20', 1, 159, 160, 6991, 326932, 15.06522871663343, '2023-06-01'),
('2024-12-20', 1, 159, 160, 6991, 326327, 2.5402700787381804, '2023-06-01'),
('2024-12-20', 1, 159, 160, 6991, -1, 29.094250129286717, '2023-06-01'),
('2024-12-21', 1, 159, 160, 6991, 327193, 2.835106204415292, '2023-06-01'),
('2024-12-21', 1, 159, 160, 6991, 245971, 4.607789111637935, '2023-06-01'),
('2024-12-21', 1, 159, 160, 6991, 245871, 18.145333559152355, '2023-06-01'),
('2024-12-21', 1, 159, 160, 6991, 326932, 1.4257696672587694, '2023-06-01'),
('2024-12-21', 1, 159, 160, 6991, 326327, 15.104631952227685, '2023-06-01'),
('2024-12-21', 1, 159, 160, 6991, -1, 42.118630494692034, '2023-06-01'),
('2024-12-22', 1, 159, 160, 6991, 327193, 4.469279413586973, '2023-06-01'),
('2024-12-22', 1, 159, 160, 6991, 245971, 0.4759285549342307, '2023-06-01'),
('2024-12-22', 1, 159, 160, 6991, 245871, 15.91694130058505, '2023-06-01'),
('2024-12-22', 1, 159, 160, 6991, 326932, 5.554285615987604, '2023-06-01'),
('2024-12-22', 1, 159, 160, 6991, 326327, 5.984643389917945, '2023-06-01'),
('2024-12-22', 1, 159, 160, 6991, -1, 32.4010782750118, '2023-06-01'),
('2024-12-23', 1, 159, 160, 6991, 327193, 17.064370117032105, '2023-06-01'),
('2024-12-23', 1, 159, 160, 6991, 245971, 3.568774034258182, '2023-06-01'),
('2024-12-23', 1, 159, 160, 6991, 245871, 4.084414150513287, '2023-06-01'),
('2024-12-23', 1, 159, 160, 6991, 326932, 16.989088818195707, '2023-06-01'),
('2024-12-23', 1, 159, 160, 6991, 326327, 7.73616232059714, '2023-06-01'),
('2024-12-23', 1, 159, 160, 6991, -1, 49.44280944059642, '2023-06-01'),
('2024-12-24', 1, 159, 160, 6991, 327193, 12.584400880976673, '2023-06-01'),
('2024-12-24', 1, 159, 160, 6991, 245971, 10.02945524243426, '2023-06-01'),
('2024-12-24', 1, 159, 160, 6991, 245871, 16.560269270774025, '2023-06-01'),
('2024-12-24', 1, 159, 160, 6991, 326932, 0.18718640800196695, '2023-06-01'),
('2024-12-24', 1, 159, 160, 6991, 326327, 16.18246823523673, '2023-06-01'),
('2024-12-24', 1, 159, 160, 6991, -1, 55.543780037423645, '2023-06-01'),
('2024-12-25', 1, 159, 160, 6991, 327193, 15.951769655232305, '2023-06-01'),
('2024-12-25', 1, 159, 160, 6991, 245971, 4.796834458967307, '2023-06-01'),
('2024-12-25', 1, 159, 160, 6991, 245871, 11.076754864443553, '2023-06-01'),
('2024-12-25', 1, 159, 160, 6991, 326932, 8.249938559036366, '2023-06-01'),
('2024-12-25', 1, 159, 160, 6991, 326327, 10.092285549151098, '2023-06-01'),
('2024-12-25', 1, 159, 160, 6991, -1, 50.16758308683063, '2023-06-01'),
('2024-12-26', 1, 159, 160, 6991, 327193, 6.2982425981350065, '2023-06-01'),
('2024-12-26', 1, 159, 160, 6991, 245971, 9.807876297907699, '2023-06-01'),
('2024-12-26', 1, 159, 160, 6991, 245871, 10.148102197334492, '2023-06-01'),
('2024-12-26', 1, 159, 160, 6991, 326932, 9.198249438588665, '2023-06-01'),
('2024-12-26', 1, 159, 160, 6991, 326327, 18.925776828408903, '2023-06-01'),
('2024-12-26', 1, 159, 160, 6991, -1, 54.37824736037476, '2023-06-01'),
('2024-12-27', 1, 159, 160, 6991, 327193, 19.88294041003209, '2023-06-01'),
('2024-12-27', 1, 159, 160, 6991, 245971, 5.871999296115069, '2023-06-01'),
('2024-12-27', 1, 159, 160, 6991, 245871, 0.11272854759956985, '2023-06-01'),
('2024-12-27', 1, 159, 160, 6991, 326932, 19.763924678497983, '2023-06-01'),
('2024-12-27', 1, 159, 160, 6991, 326327, 6.178857855207919, '2023-06-01'),
('2024-12-27', 1, 159, 160, 6991, -1, 51.81045078745264, '2023-06-01'),
('2024-12-28', 1, 159, 160, 6991, 327193, 19.3568464425196, '2023-06-01'),
('2024-12-28', 1, 159, 160, 6991, 245971, 7.622547923123006, '2023-06-01'),
('2024-12-28', 1, 159, 160, 6991, 245871, 8.332635956593704, '2023-06-01'),
('2024-12-28', 1, 159, 160, 6991, 326932, 0.9850553644833249, '2023-06-01'),
('2024-12-28', 1, 159, 160, 6991, 326327, 0.8101862824145112, '2023-06-01'),
('2024-12-28', 1, 159, 160, 6991, -1, 37.107271969134146, '2023-06-01'),
('2024-12-29', 1, 159, 160, 6991, 327193, 7.266713761408113, '2023-06-01'),
('2024-12-29', 1, 159, 160, 6991, 245971, 16.4465307860873, '2023-06-01'),
('2024-12-29', 1, 159, 160, 6991, 245871, 14.797205409192102, '2023-06-01'),
('2024-12-29', 1, 159, 160, 6991, 326932, 11.674545573068789, '2023-06-01'),
('2024-12-29', 1, 159, 160, 6991, 326327, 11.00976916316218, '2023-06-01'),
('2024-12-29', 1, 159, 160, 6991, -1, 61.19476469291848, '2023-06-01'),
('2024-12-30', 1, 159, 160, 6991, 327193, 11.282091828781514, '2023-06-01'),
('2024-12-30', 1, 159, 160, 6991, 245971, 2.8091243293271795, '2023-06-01'),
('2024-12-30', 1, 159, 160, 6991, 245871, 1.8521217582754046, '2023-06-01'),
('2024-12-30', 1, 159, 160, 6991, 326932, 1.5582046440287756, '2023-06-01'),
('2024-12-30', 1, 159, 160, 6991, 326327, 9.302533469885413, '2023-06-01'),
('2024-12-30', 1, 159, 160, 6991, -1, 26.80407603029829, '2023-06-01'),
('2024-12-31', 1, 159, 160, 6991, 327193, 1.0277780498348221, '2023-06-01'),
('2024-12-31', 1, 159, 160, 6991, 245971, 17.0161977854261, '2023-06-01'),
('2024-12-31', 1, 159, 160, 6991, 245871, 1.6144125949197319, '2023-06-01'),
('2024-12-31', 1, 159, 160, 6991, 326932, 11.812793983925125, '2023-06-01'),
('2024-12-31', 1, 159, 160, 6991, 326327, 10.735063389284484, '2023-06-01'),
('2024-12-31', 1, 159, 160, 6991, -1, 42.20624580339026, '2023-06-01'),
('2024-12-01', 1, 159, 160, 6992, 327193, 13.628462373674711, '2023-06-01'),
('2024-12-01', 1, 159, 160, 6992, 245971, 2.9301581661538934, '2023-06-01'),
('2024-12-01', 1, 159, 160, 6992, 245871, 11.506440961146032, '2023-06-01'),
('2024-12-01', 1, 159, 160, 6992, 326932, 6.759218821764135, '2023-06-01'),
('2024-12-01', 1, 159, 160, 6992, 326327, 18.635293357903368, '2023-06-01'),
('2024-12-01', 1, 159, 160, 6992, -1, 53.45957368064214, '2023-06-01'),
('2024-12-02', 1, 159, 160, 6992, 327193, 13.628191301725527, '2023-06-01'),
('2024-12-02', 1, 159, 160, 6992, 245971, 1.3444784776652297, '2023-06-01'),
('2024-12-02', 1, 159, 160, 6992, 245871, 17.745155234080023, '2023-06-01'),
('2024-12-02', 1, 159, 160, 6992, 326932, 9.333732818535388, '2023-06-01'),
('2024-12-02', 1, 159, 160, 6992, 326327, 19.44544695530202, '2023-06-01'),
('2024-12-02', 1, 159, 160, 6992, -1, 61.497004787308185, '2023-06-01'),
('2024-12-03', 1, 159, 160, 6992, 327193, 4.081385674980991, '2023-06-01'),
('2024-12-03', 1, 159, 160, 6992, 245971, 5.998834017819932, '2023-06-01'),
('2024-12-03', 1, 159, 160, 6992, 245871, 12.16471608790723, '2023-06-01'),
('2024-12-03', 1, 159, 160, 6992, 326932, 7.547448877133336, '2023-06-01'),
('2024-12-03', 1, 159, 160, 6992, 326327, 4.0973793446968205, '2023-06-01'),
('2024-12-03', 1, 159, 160, 6992, -1, 33.88976400253831, '2023-06-01'),
('2024-12-04', 1, 159, 160, 6992, 327193, 3.740181804208025, '2023-06-01'),
('2024-12-04', 1, 159, 160, 6992, 245971, 3.5376720929829197, '2023-06-01'),
('2024-12-04', 1, 159, 160, 6992, 245871, 4.243892075761488, '2023-06-01'),
('2024-12-04', 1, 159, 160, 6992, 326932, 6.257097709515511, '2023-06-01'),
('2024-12-04', 1, 159, 160, 6992, 326327, 0.908591519922628, '2023-06-01'),
('2024-12-04', 1, 159, 160, 6992, -1, 18.68743520239057, '2023-06-01'),
('2024-12-05', 1, 159, 160, 6992, 327193, 14.936169727474338, '2023-06-01'),
('2024-12-05', 1, 159, 160, 6992, 245971, 14.062914547422567, '2023-06-01'),
('2024-12-05', 1, 159, 160, 6992, 245871, 17.021305523485324, '2023-06-01'),
('2024-12-05', 1, 159, 160, 6992, 326932, 19.353594024452434, '2023-06-01'),
('2024-12-05', 1, 159, 160, 6992, 326327, 14.024044305777908, '2023-06-01'),
('2024-12-05', 1, 159, 160, 6992, -1, 79.39802812861257, '2023-06-01'),
('2024-12-06', 1, 159, 160, 6992, 327193, 0.7681337931385901, '2023-06-01'),
('2024-12-06', 1, 159, 160, 6992, 245971, 17.21788633167455, '2023-06-01'),
('2024-12-06', 1, 159, 160, 6992, 245871, 9.590436645314306, '2023-06-01'),
('2024-12-06', 1, 159, 160, 6992, 326932, 3.5502308482404943, '2023-06-01'),
('2024-12-06', 1, 159, 160, 6992, 326327, 15.882775199456825, '2023-06-01'),
('2024-12-06', 1, 159, 160, 6992, -1, 47.00946281782476, '2023-06-01'),
('2024-12-07', 1, 159, 160, 6992, 327193, 1.8991060875888932, '2023-06-01'),
('2024-12-07', 1, 159, 160, 6992, 245971, 16.253698878977257, '2023-06-01'),
('2024-12-07', 1, 159, 160, 6992, 245871, 18.375498381317442, '2023-06-01'),
('2024-12-07', 1, 159, 160, 6992, 326932, 13.430890200781187, '2023-06-01'),
('2024-12-07', 1, 159, 160, 6992, 326327, 9.503128225944996, '2023-06-01'),
('2024-12-07', 1, 159, 160, 6992, -1, 59.46232177460978, '2023-06-01'),
('2024-12-08', 1, 159, 160, 6992, 327193, 3.816551251511202, '2023-06-01'),
('2024-12-08', 1, 159, 160, 6992, 245971, 17.893253293312426, '2023-06-01'),
('2024-12-08', 1, 159, 160, 6992, 245871, 16.934734633737126, '2023-06-01'),
('2024-12-08', 1, 159, 160, 6992, 326932, 3.1084594945071764, '2023-06-01'),
('2024-12-08', 1, 159, 160, 6992, 326327, 12.850224126440256, '2023-06-01'),
('2024-12-08', 1, 159, 160, 6992, -1, 54.60322279950819, '2023-06-01'),
('2024-12-09', 1, 159, 160, 6992, 327193, 2.8620382788366583, '2023-06-01'),
('2024-12-09', 1, 159, 160, 6992, 245971, 13.86773102817651, '2023-06-01'),
('2024-12-09', 1, 159, 160, 6992, 245871, 1.8540611906380122, '2023-06-01'),
('2024-12-09', 1, 159, 160, 6992, 326932, 12.806824000814366, '2023-06-01'),
('2024-12-09', 1, 159, 160, 6992, 326327, 10.20176256925199, '2023-06-01'),
('2024-12-09', 1, 159, 160, 6992, -1, 41.592417067717534, '2023-06-01'),
('2024-12-10', 1, 159, 160, 6992, 327193, 15.354805146922052, '2023-06-01'),
('2024-12-10', 1, 159, 160, 6992, 245971, 3.505205190263816, '2023-06-01'),
('2024-12-10', 1, 159, 160, 6992, 245871, 2.6180017335257566, '2023-06-01'),
('2024-12-10', 1, 159, 160, 6992, 326932, 0.519000147551254, '2023-06-01'),
('2024-12-10', 1, 159, 160, 6992, 326327, 12.74226080959333, '2023-06-01'),
('2024-12-10', 1, 159, 160, 6992, -1, 34.73927302785621, '2023-06-01'),
('2024-12-11', 1, 159, 160, 6992, 327193, 12.937989627711094, '2023-06-01'),
('2024-12-11', 1, 159, 160, 6992, 245971, 17.283851029706533, '2023-06-01'),
('2024-12-11', 1, 159, 160, 6992, 245871, 5.877799304123159, '2023-06-01'),
('2024-12-11', 1, 159, 160, 6992, 326932, 15.372565070922503, '2023-06-01'),
('2024-12-11', 1, 159, 160, 6992, 326327, 11.959820337664421, '2023-06-01'),
('2024-12-11', 1, 159, 160, 6992, -1, 63.43202537012772, '2023-06-01'),
('2024-12-12', 1, 159, 160, 6992, 327193, 4.952171669101711, '2023-06-01'),
('2024-12-12', 1, 159, 160, 6992, 245971, 18.71584137909865, '2023-06-01'),
('2024-12-12', 1, 159, 160, 6992, 245871, 5.709628807647902, '2023-06-01'),
('2024-12-12', 1, 159, 160, 6992, 326932, 3.1661982619093187, '2023-06-01'),
('2024-12-12', 1, 159, 160, 6992, 326327, 12.985883629466048, '2023-06-01'),
('2024-12-12', 1, 159, 160, 6992, -1, 45.52972374722363, '2023-06-01'),
('2024-12-13', 1, 159, 160, 6992, 327193, 2.3756367589079286, '2023-06-01'),
('2024-12-13', 1, 159, 160, 6992, 245971, 9.229564437137972, '2023-06-01'),
('2024-12-13', 1, 159, 160, 6992, 245871, 1.7997224683763346, '2023-06-01'),
('2024-12-13', 1, 159, 160, 6992, 326932, 14.101306915061265, '2023-06-01'),
('2024-12-13', 1, 159, 160, 6992, 326327, 9.551786405955596, '2023-06-01'),
('2024-12-13', 1, 159, 160, 6992, -1, 37.058016985439096, '2023-06-01'),
('2024-12-14', 1, 159, 160, 6992, 327193, 19.517850623880854, '2023-06-01'),
('2024-12-14', 1, 159, 160, 6992, 245971, 9.904026107676323, '2023-06-01'),
('2024-12-14', 1, 159, 160, 6992, 245871, 19.88139965368772, '2023-06-01'),
('2024-12-14', 1, 159, 160, 6992, 326932, 9.888347084443737, '2023-06-01'),
('2024-12-14', 1, 159, 160, 6992, 326327, 6.130427311128006, '2023-06-01'),
('2024-12-14', 1, 159, 160, 6992, -1, 65.32205078081664, '2023-06-01'),
('2024-12-15', 1, 159, 160, 6992, 327193, 5.8035380355966915, '2023-06-01'),
('2024-12-15', 1, 159, 160, 6992, 245971, 19.446962950806228, '2023-06-01'),
('2024-12-15', 1, 159, 160, 6992, 245871, 12.898607073000175, '2023-06-01'),
('2024-12-15', 1, 159, 160, 6992, 326932, 4.1847226825736445, '2023-06-01'),
('2024-12-15', 1, 159, 160, 6992, 326327, 4.200492381290426, '2023-06-01'),
('2024-12-15', 1, 159, 160, 6992, -1, 46.53432312326716, '2023-06-01'),
('2024-12-16', 1, 159, 160, 6992, 327193, 16.708518511940017, '2023-06-01'),
('2024-12-16', 1, 159, 160, 6992, 245971, 9.81487605788844, '2023-06-01'),
('2024-12-16', 1, 159, 160, 6992, 245871, 4.118515210115399, '2023-06-01'),
('2024-12-16', 1, 159, 160, 6992, 326932, 11.915828564630221, '2023-06-01'),
('2024-12-16', 1, 159, 160, 6992, 326327, 13.528715100020868, '2023-06-01'),
('2024-12-16', 1, 159, 160, 6992, -1, 56.086453444594945, '2023-06-01'),
('2024-12-17', 1, 159, 160, 6992, 327193, 14.374390039587219, '2023-06-01'),
('2024-12-17', 1, 159, 160, 6992, 245971, 2.5452444262575757, '2023-06-01'),
('2024-12-17', 1, 159, 160, 6992, 245871, 12.370783208378542, '2023-06-01'),
('2024-12-17', 1, 159, 160, 6992, 326932, 14.790212236499121, '2023-06-01'),
('2024-12-17', 1, 159, 160, 6992, 326327, 9.356540534271616, '2023-06-01'),
('2024-12-17', 1, 159, 160, 6992, -1, 53.437170444994074, '2023-06-01'),
('2024-12-18', 1, 159, 160, 6992, 327193, 6.675061835947799, '2023-06-01'),
('2024-12-18', 1, 159, 160, 6992, 245971, 14.164726865934066, '2023-06-01'),
('2024-12-18', 1, 159, 160, 6992, 245871, 13.964342074194601, '2023-06-01'),
('2024-12-18', 1, 159, 160, 6992, 326932, 18.578438266040948, '2023-06-01'),
('2024-12-18', 1, 159, 160, 6992, 326327, 14.595481750547528, '2023-06-01'),
('2024-12-18', 1, 159, 160, 6992, -1, 67.97805079266493, '2023-06-01'),
('2024-12-19', 1, 159, 160, 6992, 327193, 18.7807922918255, '2023-06-01'),
('2024-12-19', 1, 159, 160, 6992, 245971, 8.235113685232784, '2023-06-01'),
('2024-12-19', 1, 159, 160, 6992, 245871, 14.84570137808404, '2023-06-01'),
('2024-12-19', 1, 159, 160, 6992, 326932, 15.66143527544812, '2023-06-01'),
('2024-12-19', 1, 159, 160, 6992, 326327, 18.16243336096764, '2023-06-01'),
('2024-12-19', 1, 159, 160, 6992, -1, 75.68547599155809, '2023-06-01'),
('2024-12-20', 1, 159, 160, 6992, 327193, 4.6386557194952776, '2023-06-01'),
('2024-12-20', 1, 159, 160, 6992, 245971, 13.251160727803393, '2023-06-01'),
('2024-12-20', 1, 159, 160, 6992, 245871, 11.770866325859881, '2023-06-01'),
('2024-12-20', 1, 159, 160, 6992, 326932, 18.97238537442384, '2023-06-01'),
('2024-12-20', 1, 159, 160, 6992, 326327, 14.410554138928324, '2023-06-01'),
('2024-12-20', 1, 159, 160, 6992, -1, 63.04362228651072, '2023-06-01'),
('2024-12-21', 1, 159, 160, 6992, 327193, 17.983432358277213, '2023-06-01'),
('2024-12-21', 1, 159, 160, 6992, 245971, 17.159544545748936, '2023-06-01'),
('2024-12-21', 1, 159, 160, 6992, 245871, 16.804033295356515, '2023-06-01'),
('2024-12-21', 1, 159, 160, 6992, 326932, 11.574513321839559, '2023-06-01'),
('2024-12-21', 1, 159, 160, 6992, 326327, 4.067222748226178, '2023-06-01'),
('2024-12-21', 1, 159, 160, 6992, -1, 67.5887462694484, '2023-06-01'),
('2024-12-22', 1, 159, 160, 6992, 327193, 2.6159542469815955, '2023-06-01'),
('2024-12-22', 1, 159, 160, 6992, 245971, 3.08172284652503, '2023-06-01'),
('2024-12-22', 1, 159, 160, 6992, 245871, 8.296065057402025, '2023-06-01'),
('2024-12-22', 1, 159, 160, 6992, 326932, 13.879959592377542, '2023-06-01'),
('2024-12-22', 1, 159, 160, 6992, 326327, 12.912678008935535, '2023-06-01'),
('2024-12-22', 1, 159, 160, 6992, -1, 40.78637975222173, '2023-06-01'),
('2024-12-23', 1, 159, 160, 6992, 327193, 16.76955128854113, '2023-06-01'),
('2024-12-23', 1, 159, 160, 6992, 245971, 3.731944492892154, '2023-06-01'),
('2024-12-23', 1, 159, 160, 6992, 245871, 1.2959949026756368, '2023-06-01'),
('2024-12-23', 1, 159, 160, 6992, 326932, 9.315224936883595, '2023-06-01'),
('2024-12-23', 1, 159, 160, 6992, 326327, 19.262361463684513, '2023-06-01'),
('2024-12-23', 1, 159, 160, 6992, -1, 50.37507708467703, '2023-06-01'),
('2024-12-24', 1, 159, 160, 6992, 327193, 1.6491258836005396, '2023-06-01'),
('2024-12-24', 1, 159, 160, 6992, 245971, 17.038358162620778, '2023-06-01'),
('2024-12-24', 1, 159, 160, 6992, 245871, 8.522746766353361, '2023-06-01'),
('2024-12-24', 1, 159, 160, 6992, 326932, 1.9718303921663716, '2023-06-01'),
('2024-12-24', 1, 159, 160, 6992, 326327, 13.954211759160115, '2023-06-01'),
('2024-12-24', 1, 159, 160, 6992, -1, 43.13627296390116, '2023-06-01'),
('2024-12-25', 1, 159, 160, 6992, 327193, 2.7804741959105606, '2023-06-01'),
('2024-12-25', 1, 159, 160, 6992, 245971, 8.79117407860561, '2023-06-01'),
('2024-12-25', 1, 159, 160, 6992, 245871, 13.54929422471983, '2023-06-01'),
('2024-12-25', 1, 159, 160, 6992, 326932, 11.522290168970757, '2023-06-01'),
('2024-12-25', 1, 159, 160, 6992, 326327, 2.2793029216786675, '2023-06-01'),
('2024-12-25', 1, 159, 160, 6992, -1, 38.92253558988543, '2023-06-01'),
('2024-12-26', 1, 159, 160, 6992, 327193, 0.986218729653594, '2023-06-01'),
('2024-12-26', 1, 159, 160, 6992, 245971, 6.9047249718749875, '2023-06-01'),
('2024-12-26', 1, 159, 160, 6992, 245871, 15.866466234450915, '2023-06-01'),
('2024-12-26', 1, 159, 160, 6992, 326932, 6.916352541236317, '2023-06-01'),
('2024-12-26', 1, 159, 160, 6992, 326327, 13.270548869805847, '2023-06-01'),
('2024-12-26', 1, 159, 160, 6992, -1, 43.94431134702166, '2023-06-01'),
('2024-12-27', 1, 159, 160, 6992, 327193, 11.776151846721328, '2023-06-01'),
('2024-12-27', 1, 159, 160, 6992, 245971, 19.98698745636546, '2023-06-01'),
('2024-12-27', 1, 159, 160, 6992, 245871, 18.551406744161344, '2023-06-01'),
('2024-12-27', 1, 159, 160, 6992, 326932, 13.909384106616631, '2023-06-01'),
('2024-12-27', 1, 159, 160, 6992, 326327, 10.760843383062461, '2023-06-01'),
('2024-12-27', 1, 159, 160, 6992, -1, 74.98477353692722, '2023-06-01'),
('2024-12-28', 1, 159, 160, 6992, 327193, 5.662478349179214, '2023-06-01'),
('2024-12-28', 1, 159, 160, 6992, 245971, 9.27641742480697, '2023-06-01'),
('2024-12-28', 1, 159, 160, 6992, 245871, 2.8512381874372794, '2023-06-01'),
('2024-12-28', 1, 159, 160, 6992, 326932, 16.20190545495793, '2023-06-01'),
('2024-12-28', 1, 159, 160, 6992, 326327, 8.718561870330122, '2023-06-01'),
('2024-12-28', 1, 159, 160, 6992, -1, 42.710601286711515, '2023-06-01'),
('2024-12-29', 1, 159, 160, 6992, 327193, 9.428466635135308, '2023-06-01'),
('2024-12-29', 1, 159, 160, 6992, 245971, 10.559816612144717, '2023-06-01'),
('2024-12-29', 1, 159, 160, 6992, 245871, 11.112702149839826, '2023-06-01'),
('2024-12-29', 1, 159, 160, 6992, 326932, 3.2725270729119282, '2023-06-01'),
('2024-12-29', 1, 159, 160, 6992, 326327, 10.923585469306271, '2023-06-01'),
('2024-12-29', 1, 159, 160, 6992, -1, 45.297097939338045, '2023-06-01'),
('2024-12-30', 1, 159, 160, 6992, 327193, 0.4962350526796677, '2023-06-01'),
('2024-12-30', 1, 159, 160, 6992, 245971, 0.14408154215255875, '2023-06-01'),
('2024-12-30', 1, 159, 160, 6992, 245871, 15.714563972751268, '2023-06-01'),
('2024-12-30', 1, 159, 160, 6992, 326932, 2.419142390165099, '2023-06-01'),
('2024-12-30', 1, 159, 160, 6992, 326327, 14.188429000904538, '2023-06-01'),
('2024-12-30', 1, 159, 160, 6992, -1, 32.96245195865313, '2023-06-01'),
('2024-12-31', 1, 159, 160, 6992, 327193, 17.838207386213497, '2023-06-01'),
('2024-12-31', 1, 159, 160, 6992, 245971, 6.694045538047231, '2023-06-01'),
('2024-12-31', 1, 159, 160, 6992, 245871, 9.240333013480502, '2023-06-01'),
('2024-12-31', 1, 159, 160, 6992, 326932, 19.219929356887842, '2023-06-01'),
('2024-12-31', 1, 159, 160, 6992, 326327, 12.05965435103013, '2023-06-01'),
('2024-12-31', 1, 159, 160, 6992, -1, 65.0521696456592, '2023-06-01'),
