INSERT INTO `lucky_cooperation`.`t_actuality_cup_total` (`year`, `type`, `january_num`, `february_num`, `march_num`, `april_num`, `may_num`, `june_num`, `july_num`, `august_num`, `september_num`, `october_num`, `november_num`, `december_num`, `total_num`, `create_user`, `create_time`, `update_user`, `update_time`, `wh_dept_id`) VALUES 
('2022', 30, 49.62345491464109, 28.92747749795897, 48.64475853078676, 27.819436040074592, 24.540085518373957, 28.847833189567954, 48.514400066835364, 44.63310117089704, 31.41493614075179, 34.1955439616491, 38.26522169422478, 36.46880066173633, 36.824587448958134, 1, '2023-06-01', 1, '2023-06-01', 327193),
('2022', 30, 46.74216214688538, 21.58169067597018, 45.74769728085076, 45.269994949193574, 28.74820713976279, 46.38842484044416, 35.59930707373917, 25.60031782176376, 28.67958982135568, 41.03844296337573, 37.42545068047234, 21.61724380413788, 35.36987743316263, 1, '2023-06-01', 1, '2023-06-01', 245971),
('2022', 30, 21.08566397592686, 32.99256744554303, 30.713627511887438, 27.93685631881014, 23.918321910455063, 45.29007422324188, 25.20900289807533, 33.86355038668384, 27.468584958859353, 43.82339913173061, 45.73052576948959, 49.07685419289487, 33.92575239363317, 1, '2023-06-01', 1, '2023-06-01', 245871),
('2022', 30, 40.30173612974895, 21.3094924757425, 22.41288331392544, 30.550777112069746, 34.2081152875726, 33.96478447752645, 28.852499723049476, 32.75751486900508, 49.46920060901406, 42.979749957723804, 27.82374787309659, 43.609117709596475, 34.019968294839266, 1, '2023-06-01', 1, '2023-06-01', 326932),
('2022', 30, 40.36659858897158, 34.91585024800841, 32.95570541443796, 34.86425231906408, 20.377325260256228, 43.86982563932159, 47.180236609380174, 45.86976151509113, 22.386004388113502, 30.704248167035274, 28.469625122844036, 32.59000916411708, 34.54578686972008, 1, '2023-06-01', 1, '2023-06-01', 326327),
('2022', 30, 38.79580998713225, 43.08067533967047, 32.0864423233807, 21.56347977130409, 25.93696863107521, 38.20239073327489, 32.213095873596146, 36.393547375451405, 36.183763559803275, 21.144292208802785, 41.03611085534198, 36.45806473945095, 33.59122011652368, 1, '2023-06-01', 1, '2023-06-01', -1),
('2023', 30, 45.813160199551724, 44.03758664119011, 49.74816765315299, 46.713847898429265, 22.716097784355924, 34.48839533390323, 44.755540186867314, 49.17924467870104, 28.865390895555926, 43.72946108838885, 0, 0, 34.170574363341366, 1, '2023-06-01', 1, '2023-06-01', 327193),
('2023', 30, 49.81981741494757, 47.63415612823932, 23.360033774247682, 35.604039012326325, 44.11880704755817, 20.55838829154043, 45.823677664104316, 35.535360876730046, 41.60486233150098, 33.770730276151426, 0, 0, 31.48582273477886, 1, '2023-06-01', 1, '2023-06-01', 245971),
('2023', 30, 42.802383480585306, 32.94029813527806, 43.528703230529175, 32.856689638241114, 43.7526592043139, 37.592689841121114, 30.091178059905157, 48.79205167732865, 27.383514526044348, 39.59121333802137, 0, 0, 31.61094842761401, 1, '2023-06-01', 1, '2023-06-01', 245871),
('2023', 30, 23.977099914540513, 23.910556490384547, 47.57825844721364, 41.95332688236459, 33.61919311766741, 46.423628489641885, 39.17513836850768, 44.38798463475038, 46.40325148490665, 34.61423167607909, 0, 0, 31.8368891255047, 1, '2023-06-01', 1, '2023-06-01', 326932),
('2023', 30, 47.74258719838052, 26.452813326282268, 42.15905254248823, 44.09173462036303, 29.5208620384301, 34.461092803686356, 25.29174750652288, 42.9492733837389, 42.911104858202535, 36.11139551931886, 0, 0, 30.97430531645114, 1, '2023-06-01', 1, '2023-06-01', 326327),
('2023', 30, 43.34698983457625, 23.548401301335836, 35.782236784387706, 37.24806529441576, 30.402340999499927, 22.09605958225029, 34.51947864142932, 30.746686830364943, 38.450046940792056, 21.84189425892588, 0, 0, 26.49851670566483, 1, '2023-06-01', 1, '2023-06-01', -1),
